0 489.62822035582235 263.30205896009545
1 128.749040958422 110.0856222489534
2 188.20974229732997 14.775191750058289
3 111.27433445734502 338.30674459317186
4 326.6824993031444 230.22330815468422
5 54.92045165780791 314.8574245812028
6 180.97072376235272 129.8710072210577
7 484.3009441929347 429.2852423266971
8 36.77266261853973 178.2153450964824
9 158.03508601791376 451.5247450974902
10 249.14910434486592 229.99485280764944
11 40.07428665833976 337.0402586678911
12 256.98608110113395 160.60638052420066
13 94.48825036285726 225.49257172057693
14 133.7934178342371 339.72672252954806
15 63.08546414620922 5.759451568232439
16 274.1027924534478 391.58064813811626
17 269.62230786015846 100.52713762785596
18 247.9368638709043 294.6376489519203
19 52.641044480333456 157.21446410744272
20 173.43535516008268 472.51696458622024
21 142.1698107782891 156.69106210999016
22 145.74440393883208 162.53349090380618
23 101.61580772657162 9.107602264984909
24 368.7022875515344 6.627059513191364
25 470.18813485106733 59.16897090893585
26 111.68766979392916 441.38317005439825
27 321.09764513402064 19.34992399883028
28 2.2357614667185635 165.47541614751432
29 247.5988994776712 233.87803667890086
30 407.67318670185773 157.1382284016132
31 146.66237611740166 295.79040890542217
32 339.0743636383147 385.2128798866724
33 247.69554147371431 463.0079940623804
34 356.29984872297615 127.90095386784668
35 487.2672364016041 466.1655511199347
36 365.7417323259268 26.605973190998487
37 165.2321357323707 254.8853126529756
38 64.67139851148333 249.14787513527128
39 280.0010084401101 415.2890633944584
40 486.76181886457147 429.19390922151285
41 20.956946225960944 457.8057799851281
42 203.43965849672196 320.96586918282577
43 181.17925980719224 419.75115072817823
44 277.2115256623779 410.15544783307894
45 84.7038641635819 201.73032339936987
46 391.00435176674904 35.50771625192344
47 197.5227913215382 337.64687351383634
48 422.86161589190624 427.7175303670925
49 211.40506369281383 410.9883639833706
50 365.0451662036093 381.1242971773979
51 230.40778673038147 141.10320415144054
52 66.7065008320734 193.1877286055512
53 110.63811034864824 206.3833634640426
54 232.81209056020398 327.88039099116145
55 106.42579930645945 196.62419630950458
56 444.9339232855421 191.94262723502143
57 191.57087130137336 195.345107344624
58 224.84951552033314 319.4110624343461
59 301.7418394896844 324.52394170686046
60 269.63499745166797 163.95403707093755
61 245.41748873574653 221.02310520643573
62 1.0800649752097762 173.32576525874353
63 183.98898634689652 300.96669253517763
64 3.8057692567546835 244.68522184734564
65 366.76859743985176 308.46588663190676
66 188.42387825521607 159.6171397550902
67 239.68770112854412 82.3837534731531
68 235.4407164615629 71.43898729689482
69 123.40924577123727 144.28042809166914
70 437.37919283523405 123.78152960500915
71 351.42804546394893 161.2867640406649
72 23.769206970927335 303.48990864471097
73 125.48766748406464 66.41653777794994
74 434.2398176063898 163.60823755430698
75 342.30334454986564 82.74673261569465
76 213.93562955195856 107.58242952598778
77 250.14821800796878 152.9704673217281
78 410.87558886070013 481.8446308574758
79 112.33325524583772 290.05840926764495
80 308.67393543011747 317.6271121836719
81 425.99176823925524 136.15253631573427
82 324.25123110812206 166.19403013805842
83 323.8648055602437 68.35969094379497
84 155.77743561556898 58.677007118751774
85 487.97688809883897 487.8130049860935
86 9.10974846716195 284.3534366236149
87 209.1894662245411 11.225246759245758
88 300.4145737654003 301.51604504269744
89 247.62493001324646 138.17106678773007
90 227.49584713610233 274.0482292352139
91 220.8646677972249 25.504307020737834
92 487.59153063233106 384.4416470017566
93 46.64250508094552 442.6411328097371
94 155.04531685073678 280.2706961204019
95 336.47802183027443 46.92181493291588
96 434.3123687072789 217.07351897924755
97 183.32454793336248 86.90127603309209
98 496.2161816531651 173.1795059803892
99 485.8424841007852 243.21264198926403
100 102.23753951174032 465.2706514067329
101 231.35113830439545 314.59814543833215
102 2.8872828529353702 133.36728613241598
103 174.86077443167142 111.80831608992744
104 333.8914957420174 155.48851601940143
105 397.8415776697958 408.3328783261489
106 350.0001455652349 301.4530505821714
107 16.547324698805237 12.345885001084817
108 331.72030910880903 280.1586857872907
109 178.77883297911157 52.82276504468424
110 379.1698775604579 120.20677569316071
111 489.9460732812175 282.51839032727224
112 107.54984570441259 66.9225381437388
113 216.16765547178062 284.3829294618826
114 425.4410227319276 126.66302723575117
115 386.93229916416914 225.03640663798507
116 123.24554531794914 254.8015322672999
117 360.5397814865975 367.12267112719496
118 493.61383049505287 58.930671378189224
119 37.13686994283034 380.7203859445608
120 488.62437519456176 290.635701974809
121 93.66927316250255 85.50106467493038
122 223.81712098381882 293.6557637721039
123 498.48114546200804 104.99309419532825
124 203.91986654758807 31.372589957227152
125 76.61153658584662 34.136212319909774
126 194.2532185561133 228.3445634417493
127 46.0607657627655 125.29182399391446
128 65.35096482751443 130.03868671567156
129 206.42904915289594 126.01281591979517
130 226.29089084563134 374.00376936224234
131 439.3667703721212 343.16994269877864
132 452.5954564798186 418.47519306050697
133 211.21724784968958 172.48249058393517
134 1.3319637071262742 18.804974961679072
135 2.082102167851325 304.1071129639619
136 372.2188338414385 234.17041962454138
137 421.2938827080968 0.7014004500593422
138 410.12757542193657 484.7304272341641
139 272.9419689837681 364.2979725763168
140 248.35923772752574 254.77064598594268
141 479.66488773691475 206.3997319271849
142 172.46963226107053 76.4069998455954
143 5.3961871095749245 205.93859198550004
144 55.21945507318821 18.10153262020777
145 393.13033861145476 256.12761115525353
146 426.4333951781104 12.585590099688282
147 18.061998514375706 495.7803806670263
148 42.16655519076716 460.7821583704406
149 434.6435830151265 297.3718279374873
150 51.5969650299664 174.97277075852315
151 439.20539262941674 79.97086149866884
152 405.4900412233503 392.76364600933823
153 39.78689268475588 134.18811847287384
154 186.91330121121243 207.37189538687713
155 69.73935359706194 271.45099548872867
156 394.1193952415938 499.3744373839199
157 474.4769283538939 474.2433056881758
158 457.1608434520462 80.34062632603643
159 199.4773960355181 356.4283752524539
160 467.8515240232102 30.70434122425615
161 144.26328079281402 155.41203083317123
162 108.14817383033783 373.82186373463924
163 306.63042575400084 134.69603303172534
164 229.88919672842326 20.40913515166554
165 97.83334554478408 219.32246845704
166 342.09880741151403 150.4551754481758
167 249.78543404475096 383.81627497281306
168 10.741067363787689 448.2680651993497
169 328.586880410354 273.4956501801187
170 261.8916493507468 437.5257770167716
171 139.85427475282344 278.43907469108865
172 77.7840932921092 429.07604304463763
173 168.39346968457545 263.9728603010154
174 0.08309862170736548 418.75800116502364
175 226.73057362293025 440.2746132763205
176 87.03915544709194 114.70266403409869
177 160.8961434148908 364.5756502657487
178 184.8864220593944 115.41036949011003
179 254.64345585494078 379.4894129143955
180 15.960717639636295 115.40009629433322
181 421.9745735198751 331.193028357424
182 46.53427063181211 415.3792765640196
183 370.44597339398365 255.54572966665341
184 434.2911551755915 383.69179603636127
185 139.23096439063738 295.7403828313332
186 99.70008480845627 452.2682686101916
187 283.32678724082143 477.75356672963755
188 95.28063869751826 128.42414040656854
189 482.6120187549153 89.68453434613545
190 432.90424227667955 477.630057566342
191 12.683258798526516 306.0550073111148
192 477.823431167459 451.81304870709624
193 297.5302270715992 324.2796140274151
194 290.0805269005539 458.8382041781352
195 175.14424051652767 244.810217246947
196 482.31116662029643 4.567470572404474
197 129.09774552075427 62.90822647087065
198 245.72899240501386 291.29546535858475
199 387.98088035591246 121.60486502029799
200 179.25404699225703 131.42193510534463
201 191.33622657184262 74.17241111712774
202 384.33078101619463 123.93604927533292
203 2.3937639317244663 399.3482831785715
204 69.97078321325924 32.66014780895613
205 64.47575148024735 238.62890983106095
206 43.95072044710819 424.22852330705484
207 495.4145035553901 367.18202549104285
208 479.89786972276323 167.46158668916573
209 12.706262289468114 348.31341462547584
210 300.20356181158405 31.136607132914378
211 457.41027347183723 6.968364074291852
212 319.3191417782695 186.15318514860834
213 432.99469121472157 136.44812792321434
214 472.0095512096872 88.74486858640152
215 289.42943410910726 433.3781008728328
216 82.56635029301805 348.69824341653253
217 78.83115885613061 10.977313030275733
218 95.81515650738882 335.50618499613165
219 282.8765467997558 435.84747288472516
220 53.9914908058056 482.00435378299863
221 341.01742045353063 82.82534265283765
222 405.2047503031891 401.31823773857445
223 428.2550972306667 302.92341727007516
224 345.26172210347517 172.88258963181747
225 447.86089057092784 215.02165810616745
226 480.0789548894997 352.88592138899867
227 404.96618802042343 186.76697199947114
228 495.77767455559206 10.739904048296456
229 135.3875933959767 437.08738221098275
230 388.825521123563 364.0766851019603
231 333.4014850861942 430.83414163685796
232 0.26581570852013003 312.3367677645285
233 411.43715627628166 192.32790520673083
234 225.15848061038167 14.225975028668971
235 490.81867446653564 387.00388073344317
236 250.84575158596988 399.1920407439216
237 176.75331685833962 20.9261306862312
238 98.5512975355428 347.59961996373823
239 321.7377403912567 389.6726924004814
240 490.1233141475374 120.46724527911805
241 118.43308011463233 388.98080166515547
242 250.43995738567767 429.4703999507316
243 204.8463623248968 156.58538628804342
244 36.10997367288473 429.4121042590696
245 366.3478500477908 13.884522868712356
246 92.62156585206286 299.5156064443416
247 44.6526559219204 37.42144501198437
248 127.01965422027284 447.7034564883049
249 71.39988512357117 169.68597773656947
250 99.52441381880952 304.4928673532824
251 404.3735817493678 133.40670376407655
252 362.2434573324328 100.25964041134802
253 175.72724171370655 38.33083304793189
254 90.27521984255965 444.40098210513804
255 498.79727284425087 452.4696764325535
256 372.0533385438164 494.36220803168743
257 249.22058072955997 361.92591552084855
258 86.73929325890508 485.5831333757676
259 16.107683348991113 379.71218444239844
260 439.8352754568793 354.1671835587014
261 431.9651025116472 211.42120181329807
262 38.95948236482445 216.47918702984379
263 339.90952933662413 377.21380454692866
264 436.90288608839984 473.93782935594373
265 108.47077985520546 369.354083099676
266 345.6696172176857 348.9843162691934
267 366.9422488175233 435.4396611340768
268 62.19215943393393 222.58083883766636
269 94.80438939955317 396.55050164134894
270 212.8082853709236 184.62094149108327
271 277.22084378988154 444.77097102943543
272 498.3882158912596 317.3182212389938
273 214.98639554644893 124.92746158504595
274 36.20867621612607 313.9809269665899
275 185.59218574880978 265.9281687114773
276 206.2846736378722 157.5766597952139
277 300.26613860956303 411.7914479511589
278 91.89028372600646 206.14519381453667
279 267.9448602825215 409.3057922238238
280 249.42664685286863 179.4265671954492
281 245.13849707523786 120.27727470942617
282 467.62825925911 209.03768664839586
283 62.56096419712155 350.4889017088612
284 97.33794068005956 277.15275049210504
285 390.2153599616831 443.8219593606656
286 280.7262676773257 71.92079738052533
287 283.34809877180845 151.47049080314252
288 50.88336803864315 493.7888234783179
289 120.31516500982117 262.81803667254707
290 364.1684107398588 254.48917236291547
291 85.93980461266969 160.33940525975459
292 5.566913686138597 287.69725258561493
293 206.38382749470762 414.8409052553287
294 201.5762688600006 388.2690474089657
295 387.90274516347296 200.45828502920082
296 425.81650266657255 322.5271556503021
297 16.1103116580005 316.09486225370404
298 56.64667371398368 403.28013019398776
299 422.53897019467365 286.40112255153815
300 5.556191867137957 332.13198969443295
301 382.35004636995376 55.972027902892336
302 329.99602016010147 439.16692448531614
303 382.0213983557017 19.16997962050429
304 146.6165903419519 264.27890739045336
305 498.7196647186037 169.86910264616768
306 321.5869576545732 294.2567284659538
307 84.85101808508854 451.4601980132536
308 459.7842636695353 8.232026604860504
309 382.97610116128277 438.6561622946981
310 205.16310911447698 293.25117547344655
311 260.8738601104558 314.993978460376
312 179.5407824257465 150.54156066331214
313 33.043611789170136 190.44219129873525
314 126.36783285305106 68.50845609939222
315 146.34616244536826 170.19152503840382
316 468.7924499943595 316.6208633627379
317 52.80165055601008 200.53180970466326
318 481.4725374262757 392.12313849691014
319 236.7859938813047 107.69946905162482
320 210.14133620234946 297.9433699675573
321 132.99723794378454 398.7178154793898
322 43.890471697513355 295.260834090962
323 132.59957397744247 303.54611663030596
324 49.498260064283556 271.94154420666933
325 414.8948780969186 243.3039119235473
326 253.90188443142833 373.4543903761744
327 74.72058914118075 327.94291682917316
328 24.088874439344913 53.93980131009612
329 368.52730628742285 229.50236503543633
330 64.26600166587366 255.81900357394832
331 363.75080625869214 247.00178777177354
332 280.15325325723035 451.70346111083154
333 463.6605370767888 119.10094188347497
334 428.6459961285329 385.39310080684527
335 496.3402424082762 168.8878581324212
336 482.89001093599984 399.4357721728544
337 12.836259874365696 124.5436919447827
338 70.02244547263349 347.0619478313533
339 478.79517345210337 21.177003942235196
340 159.44558981079456 206.30498258329862
341 222.1049888014404 383.8202696125651
342 363.5211736429562 132.77126871770452
343 390.15228856475136 469.4379507771985
344 336.9995846886437 337.83362155018926
345 67.31330098179528 199.80805001243382
346 219.33124463653982 337.9875908896901
347 404.20722496849265 0.3081458759270036
348 450.246893390652 303.73182933232374
349 294.058260350474 145.96182964885168
350 52.63890965078344 414.61265043877705
351 98.23579366647623 351.5833456838975
352 148.82738695796806 347.0069407028566
353 403.67251414390586 245.4954573403574
354 485.75319849578887 242.80866444399337
355 9.396186434873504 32.08997032944787
356 229.50388465008385 237.43126772265427
357 165.85317036134123 81.45003392238509
358 89.84913916794683 389.4415476527661
359 8.050456201429737 388.3602787777851
360 49.13942976387687 118.70010412067326
361 289.7979172315619 307.2932016151545
362 106.00404636797063 53.09930951937944
363 204.49349014941257 203.37936764268082
364 422.77429679156154 467.8620500998046
365 16.961459380151613 142.94397116566103
366 162.45308309209392 337.8922871565181
367 210.82776394165805 27.923998876460338
368 94.35380433352019 354.8536164088441
369 44.79570560210519 95.36773084169207
370 192.23949501948618 82.49255844604966
371 219.9722942389732 496.2624198258219
372 44.90754718848326 329.22018783532576
373 278.08697330484455 230.1359189815653
374 333.6855538512623 153.11953054392887
375 475.04390246877364 45.234945711416934
376 469.2309540636889 354.35530122713743
377 65.7533720363372 477.59479887676764
378 240.3598519522976 170.42846945054387
379 336.59909876872996 85.98472557784828
380 427.3697955257154 368.8404264471417
381 189.21583646413376 63.538112577720334
382 354.4667940814397 322.5094175430322
383 284.4749640859039 251.85822660934267
384 282.4585896947647 157.71709711923498
385 482.70592269438794 293.5278396336183
386 307.83410400015043 500.4531415604373
387 296.21726096858896 38.24502583109318
388 147.71357136324175 351.77356837184624
389 117.12371511622707 15.2578037619012
390 260.923919255084 140.1914048958587
391 193.33398305799795 229.37636570396953
392 215.63106379192163 486.1778894974568
393 189.30917042676694 262.6046707412794
394 93.54362413857373 275.56845678010455
395 156.86271192842418 137.35206636533354
396 450.6919823211434 195.03957246688444
397 367.8400631178354 141.2606064657808
398 3.181796287266133 414.85087916862307
399 239.99009206702146 330.9153144802517
400 258.1233202485474 224.73184500091617
401 8.719974794665918 209.09250799508774
402 180.14535346628057 12.132657787037067
403 335.71156494463816 115.7447982753935
404 369.5173573090148 74.05638918246802
405 251.56943561651264 170.62205040944536
406 359.92351862729055 402.34267413817014
407 178.76975882188873 195.28380203842988
408 293.35934788980677 216.58278200904903
409 225.1835967728526 375.27118234884347
410 178.45447702167323 187.81162303730076
411 88.35982081879348 24.37578564633287
412 334.76452263508247 452.74459485982044
413 155.5697849132848 201.26759300031944
414 379.22039944823797 235.60522026459645
415 277.3399049878664 34.2258944320515
416 279.9751717710158 92.5241331143543
417 246.82797776537035 59.35469756004433
418 36.3467315458665 1.0810147189552013
419 185.93511411720402 495.45801080600586
420 493.4185355562058 283.80788114686436
421 362.487831814091 348.70068259774416
422 113.13147173620567 84.3755539472403
423 425.1732247184236 434.2868937258772
424 278.37639336904857 409.7447795099109
425 149.1651557002746 341.65105010063246
426 253.68016228792555 500.77914651105885
427 20.540436934889122 142.07483452683311
428 0.566983518244167 142.68917183415786
429 371.65147887536904 99.21930987389216
430 379.5725438048771 303.2051156419637
431 308.5954228339614 422.7924834551518
432 72.19022367566428 330.56066397314913
433 341.79968009199257 127.46031506599563
434 251.73644456728516 312.21065700129975
435 411.52996334434096 365.15329408108863
436 39.236800561160116 24.702706790500002
437 476.8192020871889 123.12069266063487
438 302.9548139681626 313.27628831409476
439 401.914503293354 60.441161546389374
440 138.11209504579426 109.57217124765359
441 109.8439999421213 286.21105407333533
442 157.6817066367562 242.30095516758476
443 339.1168140212466 283.30072795148135
444 297.87561955256234 71.84173092233993
445 339.8865068469762 285.39432944503886
446 399.092898794016 476.5197620800709
447 17.132134087486328 296.0099793633769
448 206.64678087871215 122.74724969381245
449 290.5409775210389 105.33496676184436
450 242.54696209560424 481.3014640527724
451 380.81297381339573 72.00458162013486
452 177.97769384435665 471.76208304351877
453 322.04941462915656 116.4032983330405
454 432.88258475692015 198.53262425377935
455 177.73699523626715 333.6735159563196
456 173.24400446838374 195.93040485424285
457 315.59336752247157 337.37983442032385
458 267.22794655195236 170.54559917595532
459 75.20111215913344 437.69557734026967
460 473.3542427756105 278.4415390784506
461 311.92496168701746 490.05381267952316
462 315.2478889548045 25.797268116116133
463 44.0801882766753 278.4361808326501
464 103.32868259988918 485.27738202968993
465 390.7003399785755 64.86073707853664
466 490.0046160936284 87.75559739525879
467 485.53854151803574 481.1741321756203
468 260.5484636497882 415.0148984005195
469 309.12879563982585 246.95317149620848
470 281.8578581555951 472.70109427857824
471 166.8326437852448 292.17775939646145
472 82.72561352213451 152.11570583873868
473 44.801050668273646 158.34960751889113
474 77.08009480122669 183.40008797267078
475 189.69312344402107 212.90005790225482
476 272.89497502368147 87.28488422776988
477 7.809687040901622 37.055779888905526
478 103.1127664939771 333.85697851170215
479 294.0245829261019 17.81227944412153
480 163.97868021892748 94.73091625348096
481 313.52524782062494 51.3029542351164
482 180.63917208738866 234.6024170391248
483 477.91126041231126 455.6455539710207
484 483.7238667468572 385.40883941218436
485 135.6411686928735 105.29772104769174
486 80.89987232622825 243.22448737464515
487 499.1670442227757 25.060097932066512
488 158.0646996243503 468.57868401544107
489 288.35085165663156 106.1279735696408
490 411.92635359504163 360.09983370932264
491 469.91792487461026 385.0114524704655
492 165.20916638183607 294.26115416595644
493 287.77017206418935 286.7193460080786
494 74.6187454413448 207.53192749894865
495 369.955367304299 17.33336105914815
496 23.00166768878834 259.42264492390143
497 305.96865981185994 302.98689798729663
498 482.8434021980029 143.75335494199274
499 437.8486471549424 473.30679347779216