0 419.2937525359566 205.82736909932166
1 395.5118937715522 429.5367872984918
2 163.13074279307875 79.15086670985112
3 120.16288596350101 28.781568973544466
4 211.5627956712573 311.474319847643
5 192.6063548581724 487.7689486292572
6 426.7709828549444 162.19664908699272
7 62.91760963213697 77.76212260049022
8 150.22312020750985 90.18096299915645
9 307.60551112959394 455.0575080860504
10 438.5957864991804 433.200836403966
11 468.08730168751407 24.993043788651644
12 30.813427812433112 361.7041150003152
13 493.0218127779902 444.153656614533
14 241.71147252741233 308.36784196680804
15 171.13884128796772 459.2893950140123
16 35.569339911457185 480.0401771903214
17 468.5204452222153 0.28641724044676997
18 123.90489748470871 24.44363322472767
19 312.513086778339 257.51299003785795
20 269.47366647655554 379.44820316498357
21 189.5796845600973 156.0000709938287
22 328.37401027310165 273.8139972522873
23 307.4367118617155 78.20996864712015
24 219.52382455900474 398.0500831903872
25 180.76380802156052 324.59690136752465
26 101.54480522312925 197.4394667645725
27 198.6220817216138 287.7697552023885
28 2.2670965097298055 321.3396066717709
29 72.47202792202557 22.829696087177595
30 9.65011440660547 250.58409786912762
31 78.34340336456107 366.37481457476594
32 379.90457647238253 215.18257615086728
33 118.27641929462483 7.738588680392215
34 57.9963611990314 48.54497160909244
35 417.62746843970217 453.2607627632688
36 153.51454361844202 232.14002872363278
37 74.21250007046653 42.7768615265558
38 300.09380919337667 462.8395694411683
39 251.54717427975694 305.05638388536005
40 188.19609204577893 207.19645839605832
41 467.63536306340853 152.62009503974997
42 228.07623063837818 325.55793576299806
43 314.8562347384766 84.22309216861001
44 404.183759542715 485.225285639769
45 386.5049551719799 327.3032361406015
46 375.08563675256994 268.8368410901833
47 311.45327030166493 4.8632823865900265
48 241.2339067514605 36.7733295536938
49 73.2135710282513 274.58024315959193
50 166.54810233667692 299.662728351593
51 167.41359572839087 497.4172753403323
52 202.83371957889148 67.99662967751631
53 199.31899599843456 443.6505929066252
54 210.51610680387552 380.46073429074465
55 212.5769506905709 170.0182159754198
56 208.03353786291896 413.8293094065931
57 343.7964441525698 157.64746009175016
58 308.50351736907425 385.17657964013523
59 370.92951779673564 492.52449262462903
60 122.95333461677922 176.71782432130905
61 324.6726477205234 340.531888426505
62 124.48876716264856 434.80856406518984
63 68.26845480445301 202.49933731819945
64 454.2640824541665 170.50243295745122
65 143.15544895240305 413.28753589358575
66 56.01211138162736 236.59656779419055
67 189.8872144851462 132.6569255580136
68 310.19482031931415 345.27796084048623
69 436.6219634795651 101.56062333180013
70 477.54274194095666 184.32507569914196
71 29.270039453637004 206.5447362817657
72 380.86623551250364 23.315945403961145
73 452.07884153314234 489.13952324711425
74 156.5414832299818 88.44745049239164
75 330.033715056367 33.48146428421661
76 278.00147335110387 384.3801019689836
77 195.9577371764161 279.91848735082215
78 278.89486810047754 46.98814605550652
79 101.60508334559565 130.020271950799
80 240.31494839647158 247.01727679255737
81 14.359336469141597 390.2401326399495
82 104.6465070611521 77.43027046952555
83 64.37243482819483 419.4566688379294
84 302.13008981852545 365.6557041812815
85 1.1092152280056249 58.76121065010687
86 460.20126238390685 265.04524575420334
87 154.29915037040783 301.1507126367697
88 168.02653726920474 25.592864324120526
89 253.23883624117695 351.23616398093725
90 336.4282931391543 302.3717088607631
91 185.23781819667886 197.68302535554278
92 155.567857948039 404.2047700389747
93 112.7548483516445 0.8628640784426213
94 43.33854632206973 425.80071820874696
95 367.4331349073256 104.11409802543272
96 186.4103273602229 233.95875138956578
97 169.81019510256746 213.08543377760708
98 449.26256971729606 369.4742274071805
99 8.951931168127503 307.86649348014174
100 444.34374366642163 490.06187618485984
101 406.64005724792173 118.99823130662799
102 482.7044717576151 95.95384192500741
103 367.028433161337 53.99941678139344
104 430.06488904677656 381.8269148096842
105 10.87605843410839 257.7458581960223
106 210.2976389995016 176.36701818627733
107 206.56321616615259 75.89527403867747
108 281.73454452174155 118.08790154571993
109 3.1020532423371234 30.56362240430359
110 396.5381969789329 318.9875902091124
111 303.2640994695739 6.627566015075638
112 339.6187575052602 491.2474359942037
113 429.7646245454399 244.35285997636768
114 97.22185866503779 181.45771234185935
115 188.16714408914837 348.5299500336946
116 68.36527226565451 471.7875490623253
117 29.801702687449144 444.9359160876304
118 476.7599932325803 214.10830105071867
119 114.52614808542336 266.73559634483394
120 80.71566952736077 142.3264077705849
121 396.6025342236001 404.38502081671606
122 118.80069001679408 407.0849038043994
123 311.3089539879902 132.7068329762724
124 109.70427096577603 393.55267214487634
125 249.1623418070145 222.06985676699833
126 290.830571984004 450.23606681187
127 233.7887055538128 334.02418656309607
128 430.6443809575372 448.6196627355908
129 120.54477231379475 137.3180874744604
130 171.68322690007312 430.97134989046396
131 145.96845423476708 15.95464520611226
132 331.45273843419375 419.83136479373735
133 322.0157323519056 274.8336773168442
134 252.12986495321687 318.54581759225454
135 480.82738321901604 46.56850094891202
136 381.1129714333079 194.70224474207367
137 216.46155520319795 168.26718600851552
138 179.97825391752565 115.47814366773459
139 60.626821725952 93.42442248380297
140 341.32879654901177 101.7228937730189
141 446.95500502542836 36.58295424905452
142 492.355387571362 177.05938569190906
143 396.76455258200576 366.0922164606796
144 222.66772228138768 414.4136869775723