0 45.455334577279835 208.8819004198845
1 141.98410993041307 357.0810448168344
2 65.48692189994756 187.67799999106282
3 76.24632488919052 74.56091170830256
4 425.37582086945747 175.42622373175246
5 293.19453940836854 287.7594361950162
6 494.6603404741468 174.74081689183362
7 194.90616584816306 226.4891486354046
8 452.3739496226414 142.9501341753997
9 125.17002056463151 277.4125720648596
10 136.1448640639208 308.670152875954
11 445.7220807422546 406.7678433008894
12 91.64121521759324 202.81145554914096
13 415.83832790567567 78.660180873174
14 345.5460931773893 10.354426232514687
15 80.06085981922425 351.69415907320206
16 371.28233859552364 252.52107871378936
17 40.19794531950389 308.4681238272614
18 280.6498332014088 1.4224489141300678
19 78.50893297670294 16.855820429800648
20 480.3861832096668 291.8666864071327
21 73.16191218442464 198.05985007685462
22 391.41704485473304 71.77570857116994
23 494.6348535469526 335.1371257138526
24 328.2230478476275 69.57737809762853
25 22.720348418708106 13.068864230741552
26 248.3179880216271 144.01512289746788
27 490.1895398968898 332.4758609873223
28 378.3064380821575 243.04861779034513
29 332.97244919878483 317.76425463451596
30 120.36876244077888 346.9066192116445
31 233.9202046156336 372.82801129770115
32 215.3077783175093 324.89713113255635
33 371.82866728520213 402.4313028403393
34 308.48362976228515 444.2801777528591
35 454.423559516048 387.04726459326224
36 434.0620952669488 338.36512620638547
37 281.4339744680045 322.23924135885756
38 381.00633164577897 93.00674014075754
39 71.7142000933525 101.63647709417359
40 40.153325198359596 202.84362486376384
41 164.61281182126748 99.1781390640079
42 82.53371749039954 25.94762521117215
43 473.4339181751282 392.578054294203
44 213.81708541373348 14.034103552278976
45 225.88669866600952 284.8969850736009
46 305.39493752981963 373.0210067197182
47 76.87779041468033 4.700196168637447
48 364.14957349770566 500.51830887473477
49 99.86515845684357 191.52497660559777
50 133.39950368480999 474.7798226347566
51 17.262586061336684 38.28626311515941
52 80.86065503263873 57.75555508048513
53 234.0607411218077 242.80805550378366
54 120.71750003574188 159.14583848520837
55 344.9136888045441 172.8839984370747
56 175.05946363599492 416.77706637935273
57 302.42908749178343 494.1427399929056
58 50.00518185091181 72.1942531483947
59 307.2958409626666 282.5219348177104
60 133.8109062314393 64.09704081754028
61 272.1844831350039 20.33925529682606
62 80.1393308861305 282.13346129390186
63 385.0639010806078 179.78978405197142
64 460.4510801264371 245.60974104722547
65 352.6920973266993 492.1959686196117
66 291.1735275039009 7.874484049095503
67 369.5591210424268 371.4899471140912
68 461.9003195562462 416.4923447203611
69 188.48734327115798 354.2172702345203
70 272.3797931806683 446.8345514563507
71 419.4268388765399 320.8172163176476
72 205.46166550083714 204.38298301881974
73 288.723342540022 209.0567755348749
74 23.488633304535544 276.86946400259075
75 135.2813957116914 355.2735938806502
76 462.84339058160066 28.353472354210997
77 293.59720979966085 59.518045782901616
78 57.49105701237675 85.4791458691253
79 335.59392296764395 458.7752575916211
80 95.39374238572339 156.44637305025904
81 326.55584590491225 246.19469867777877
82 221.6156151669644 40.68104331156431
83 318.2290210050027 333.6589375688933
84 479.78616748374407 113.79583898091886
85 283.33229511145447 8.08203555689677
86 385.3438279222943 293.1958144124686
87 50.30577001737679 233.54434287125852
88 145.64328027217476 478.6017762621516
89 50.113081994014024 243.74224672136276
90 257.57737519166295 197.8398479015463
91 321.30922503622077 189.26001766715578
92 496.8379770181116 210.4768757545415
93 261.38760995186084 141.85510146803597
94 229.32011164918734 82.26918793198456
95 31.627861960747932 385.2894710212783
96 26.45980619534403 315.9360412074155
97 327.2802347240597 20.236285103132122
98 253.48842515621737 398.46936891306007
99 434.94299583732635 58.444709912154515
100 151.68504401451895 232.0477740689062
101 104.41588202970034 292.65531564886925
102 411.71305623444323 231.63566636554063
103 226.14577641216098 431.72406059972917
104 329.03861983153473 488.5169509395806
105 186.6199086086164 135.03516892352508
106 430.2456996418809 272.3383686840241
107 60.70762167381732 287.56151620598445
108 315.7862395527198 283.7186405471152
109 426.0030869760369 48.8655036462285
110 41.3337632326605 453.1174973851694
111 146.6799221065818 464.9244844294061
112 13.44501222882787 278.452437279788
113 428.2323870374946 119.91167870345033
114 207.67638492508706 110.90157699322467
115 226.74866360498456 122.96699781751323
116 480.65078984499155 495.43683497582094
117 380.03843861017634 424.5515102196301
118 342.8251912083845 144.895050115147
119 371.0198652270753 304.1954956809309
120 308.8705441623717 371.81314413552855
121 191.26040398815186 141.3217328717082
122 312.6428569524433 251.82863650470776
123 124.46155065885387 395.3540870308491
124 216.69806900620117 121.17861436471888
125 68.97899155529174 66.50635571815945
126 96.18302833854003 477.71748176151596
127 191.17809357633385 263.4864222870512
128 286.7212982612945 181.9181495013351
129 255.53851502213084 331.84883592214675
130 129.604575356828 418.5213384732415
131 441.9426221829719 428.88116899139607
132 446.1994122547538 162.85413165689047
133 292.5086882303382 277.72007773508756
134 471.9836722319727 48.351547059412475
135 180.66338656553725 276.8580736970423
136 389.0382280876895 325.4841111660308
137 301.88691452415685 45.32440781744633
138 63.13700443666799 267.1191599090705
139 217.7097629479304 447.6018255000108
140 271.80190848427645 250.32558378924816
141 388.0919883296673 69.7754036171142
142 474.81913406179774 382.76883795924743
143 411.2737051675039 137.50046075521732
144 134.74948098722155 482.1376084293401
145 401.5498148988612 292.1237893387844
146 144.90766188239996 389.49306860729496
147 491.1925227541432 210.6955953656463
148 132.13429538648447 48.03874426575675
149 425.9220322647126 31.669197837125438
150 279.43910217322883 497.57115866520957
151 80.90857570494717 98.80136229821284
152 274.2548104263257 402.79076568090267
153 472.2783765269082 86.13809882020223
154 145.6090899493683 14.727599774614951
155 471.4918287913622 138.99924739646053
156 11.994886203154385 428.76776452846497
157 493.76333483500275 235.5596655667597
158 185.09992253873295 309.1543010506951
159 305.9010234649497 83.96558542867389
160 123.84196210102684 309.380183970876
161 456.55817728230255 480.9218320181878
162 440.3489095850156 176.59123038262643
163 1.9091377085547963 173.33905501844927
164 472.6213974612727 155.97320306619667
165 328.1889382064266 445.9393833708602
166 448.620686430293 115.11003008087829
167 308.36908226884265 259.6850202493423
168 350.4351271359055 435.46914697745933
169 470.4811506888019 12.516261107587624