0 294.49080320247566 227.21694130818966
1 271.4020818765302 285.30931564278217
2 30.486078304602255 260.91351540475966
3 495.4327882061842 121.72595731273142
4 369.94624501342935 305.7022711020791
5 488.65557676550003 223.6241241670603
6 142.26892074924064 114.52051283537591
7 109.7960609460017 102.90346365141777
8 322.0605587675772 500.20679786064636
9 385.71863733194135 183.62008781392612
10 13.885178041676836 387.2316575029543
11 143.85150963540096 469.03279259331913
12 322.45818068310854 141.58898171801306
13 61.47773255012294 205.70753050659314
14 62.968181414238344 238.07989536652602
15 155.401993482697 46.96146011928221
16 434.46498301161876 321.4842019287721
17 392.58586129315387 488.1438859867799
18 451.41242248270544 442.53283972729724
19 74.83332927632661 167.1232578882414
20 382.572778303103 234.17048192995202
21 58.50420215521525 445.87796920043115
22 410.3625968726352 72.32855576893819
23 128.53447728986276 477.2730629231792
24 425.69996562702505 277.31676047655696
25 50.75099066134534 375.9458368571195
26 165.1492588872237 216.9850525628959
27 364.5816785592685 416.72049785268996
28 345.8617629860925 234.00839958787
29 434.7836077617816 95.12521000156521
30 29.409342016738645 126.00284199516405
31 142.73733799279424 278.3944490744385
32 202.11308382068816 21.69431582332322
33 310.1894921001445 62.80559754268067
34 380.87986914525993 334.0303440042924
35 80.06447203673665 420.3204670041382
36 111.87761009007424 97.95038456497247
37 16.111803961353584 106.28104505294623
38 344.60302140171916 402.51140426854676
39 50.70747429731351 319.34314162937955
40 455.026048906243 241.20358967842103
41 245.08545712130103 8.922584326928584
42 148.5310276223885 78.5846477408893
43 490.6399543852776 287.17543647178394
44 13.31708414637975 58.81143011781695
45 368.7094950298046 334.9374386576794
46 217.7689724497331 272.25414693592074
47 355.4305116330098 277.10695846184683
48 204.0642227860434 191.14114916529098
49 407.8314387470885 486.67196600130353
50 218.94395144011008 378.1008932047773
51 234.32712802863796 354.9533595961754
52 145.14173009605446 299.5433986544628
53 183.1694300229381 133.66541365213823
54 389.43871226537743 116.0545909622753
55 211.21101588773482 18.078702304590138
56 479.6931334007621 71.36461644733546
57 329.54797984307845 257.91148526253795
58 96.47823651008153 162.9954534720798
59 224.22070539114583 184.57297319857227
60 447.1553802911951 81.39297960784437
61 463.17309730629336 185.03476023503808
62 219.30734515817502 481.2053447153697
63 280.0971365874235 276.9166928434951
64 367.4620451377274 476.3821779467123
65 437.62252330379357 122.33900738104086
66 40.94780093463638 384.9378750266991
67 8.550559652123123 484.7146905111534
68 287.5388153726575 83.54775466591087
69 228.4769595793172 312.93444407202105
70 2.273024190611641 2.627030185201772
71 173.19993708036012 378.3310550116225
72 193.45455806881085 172.18038195782734
73 123.76793178843315 64.40088945887157
74 253.38884697181868 412.5038109989084
75 363.8857747853329 200.5072895008139
76 302.8412841376047 188.77069510698928
77 16.668240592123567 35.69392644198156
78 92.55844808801965 355.64036975180164
79 246.40708697743358 266.2957597503159
80 77.44620242319806 466.2902059918219
81 229.1005460845943 269.25110682070823
82 1.1598751595982617 80.69131092116305
83 347.9831791684943 38.8903555264006
84 231.92921461083517 480.52281875028626
85 408.19018516728465 107.5051463314941
86 92.4143673811238 454.85157907824254
87 485.99125652780174 77.18651055589999
88 116.2691365445273 389.5914274467239
89 176.73768878146643 246.26119999440544
90 439.873731935563 129.80039607905562
91 84.78038889205173 156.15251938953588
92 8.391836364322764 191.0742192877597
93 334.13695303450896 288.64531751971873
94 359.90516323784254 189.6510698616125
95 241.61286578506324 12.344315304111257
96 443.88377289357607 475.35518935377524
97 22.414826018729997 318.58091910069237
98 360.6616422264564 282.1758271388933
99 13.033439154755499 274.14550197725316
100 353.903904454756 362.1033149549823
101 427.31790385005115 108.00055931748972
102 74.2763907348605 419.82545124372166
103 59.21751331239298 259.56495611849135
104 416.65757472465117 356.02501129357626
105 158.6221670794469 218.24977095275972
106 143.26936511897347 217.31325442168117
107 356.09888803108845 471.673864712439
108 117.04541672958919 448.2844247904848
109 144.09153842545436 363.39026017658216
110 125.40443961134713 483.7827290975433
111 353.3278641949296 212.0141669129582
112 180.35072108367214 448.23592073358947
113 425.76080261094654 47.359233703060106
114 137.4852673110659 188.82862017758174
115 61.36053818743112 396.56066364735005
116 127.07839542368255 136.36357916505523
117 430.4689281922873 99.19218536738096
118 55.82817439341002 483.89084130080016
119 175.23006828149173 241.0685671341866
120 360.3089574109226 461.571939949679
121 383.8184374648205 348.76582194162467
122 236.40051964450578 30.790786731663566
123 469.8005936426638 154.88873471011908
124 286.18066958993694 117.22269522692552
125 158.98664410109677 333.76847430184444
126 327.8625650875049 82.42953272943699
127 335.55473478480906 261.5824599532834
128 125.36333686193926 492.5618501441261
129 494.0645651136507 33.85487159996547
130 391.0013010037395 310.91753607783426
131 439.2153672881714 121.91791245626234
132 170.636714355036 57.43186716920678
133 113.84924094569055 258.1923072700525
134 146.29445401969662 70.6553497392681