0 429.19030240025666 33.30489623342339
1 465.78348293089505 134.25741997624547
2 494.2212758974648 10.133828520643885
3 5.53176523847225 147.71923846160635
4 341.21719220469635 217.3830343054318
5 458.95835224002997 141.43312730201845
6 165.3015020457683 246.6373285967761
7 190.9800164681984 378.12833741098234
8 296.27852865881925 354.9995868191338
9 22.690281948788638 267.42916054969163
10 383.61614826909266 120.21349582364309
11 375.4013473040634 277.17988077184907
12 5.077295793130531 53.30822722878837
13 482.57297350324825 256.21300382366206
14 363.2626902909938 201.30269364977403
15 126.73250264118052 432.78882884686175
16 401.8629176356297 462.30127904619275
17 288.35486479791575 69.18092632213384
18 32.86032673594519 255.26265290888193
19 424.94167758071285 29.785585360917224
20 81.27036665535186 396.8303880169866
21 338.2151909745346 259.69304565695217
22 179.26613380910982 483.8759453136861
23 168.42634148790393 490.87375233765306
24 92.69166881322914 341.8244369548066
25 71.26482975135856 270.0054885676352
26 327.03661226467426 67.40804791539189
27 21.75499264429498 230.49487113185148
28 388.9183325103879 471.2239021818684
29 471.82299076789855 351.4320110062798
30 257.9980093091517 242.36055302097296
31 251.92874340446386 313.0573146923408
32 409.0427602650169 479.40149442235327
33 194.27023545442327 408.8169039216979
34 178.5385162641245 237.31400527195234
35 367.58860030657803 351.2362591009413
36 368.8571293477723 131.08837641569562
37 200.5288309201059 217.65125929841
38 178.4857582294998 65.50495397149551
39 484.84411134990364 177.30173895419097
40 458.2379084563406 62.07566198473848
41 363.47116699725547 76.41462061412274
42 251.68294906183363 250.03170609625258
43 460.64917396648605 400.68196472703744
44 280.2542764274137 484.2106045408194
45 171.806937583513 79.9741482624271
46 269.62666878166897 205.83340913991273
47 474.90078414962926 100.21874617737222
48 490.98878550551683 82.45706404578623
49 266.2499311344185 333.12317106196843
50 426.7799689383809 133.83675885512298
51 354.68662851587607 44.82221112881746
52 207.30850903775917 22.03979852441869
53 159.01524716319716 39.59125813156782
54 296.42369212439786 385.9152185998551
55 69.35710939332974 422.48178687109015
56 408.07503477765243 72.94208329421433
57 138.9476529542388 40.107842760401674
58 272.15955065943456 400.55495950183257
59 443.3476337909445 218.84041328364182
60 132.5313980901716 36.276155480383665
61 459.8318488214882 472.3513421829351
62 277.42819031602556 436.37221031183446
63 252.92716321037923 0.7891378262017599
64 460.85450661098787 243.2960877670166
65 52.68553155704138 380.86598779201927
66 269.65536230727525 437.8765285115002
67 26.29844828628785 466.7890577691808
68 325.1110573335281 33.07262254693287
69 134.08590868619817 218.27809693361706
70 176.88977655301494 12.124483711184764
71 446.7260012077527 272.8776590235609
72 388.10544168567577 254.0993651204305
73 171.83053451056202 288.3941911863537
74 36.045598937426426 113.1583955494187
75 417.6175023968185 275.5664982795221
76 290.85782993955223 429.35005000974775
77 347.48319147751425 331.0126661401693
78 225.11313944513495 142.37444169070255
79 474.7343696483785 416.08746818321686
80 245.700687888038 387.55632009960266
81 231.60566172846697 62.53120481103998
82 303.95083946572504 330.21495357201024
83 321.95737657715233 144.6943869601958
84 41.232062708365646 256.72551243891337
85 45.72607876955379 110.68199431642896
86 113.52192224938116 351.82913710717264
87 434.283000050378 382.97726792986197
88 173.61392454111234 356.16805092192084
89 489.34475264279524 401.9766355964215
90 395.6889379840535 284.5970024048485
91 261.97634985728945 137.39597672478914
92 424.9538148518836 143.55398074396817
93 241.5281398776922 199.69291405469235
94 320.92960107151947 120.66084795873928
95 224.0564237505955 40.49056820268669
96 352.7580171819394 7.768106738743988
97 391.89180307565385 107.48542915374397
98 458.5869607029571 184.85896018530522
99 275.5394925854021 171.47518630366807
100 267.69472905224774 304.58330408691296
101 131.02316951862522 466.95201567588845
102 310.5174702847392 424.70595962068097
103 483.116340027088 174.1725911434115
104 400.1552751883959 173.42157921790803
105 219.64478807742677 221.73815998516113
106 195.25007520262398 171.3144135918974
107 151.18925487209796 296.4964093611
108 89.35182963262099 301.72234861080346
109 320.068890078431 446.0113029414881
110 361.019567192076 95.40217280329344
111 181.4444369965698 96.93801897035357
112 456.93983995276733 401.6874573249302
113 446.7441064464634 327.38708722540133
114 351.2876271549035 191.77995833470476
115 448.3856440546807 205.76519832670851
116 124.40340088271961 325.42255054304695
117 384.94503106758555 72.63966095633619
118 268.614703905944 275.9638841895045
119 130.50488551852507 128.8895139164512
120 211.69204309420297 342.74425650113386
121 69.9054490949812 279.77794978590975
122 196.99608723338753 82.8071917954447
123 44.01589039740486 237.60957284762134
124 410.8468746170073 239.17270823458122
125 35.94603585656871 471.32005040936565
126 180.02545340240118 190.29595998393322
127 139.32619628849432 180.68699156754192
128 117.60481309761084 22.87898569528969
129 168.39725923452113 109.84762408191465
130 271.49909590874967 106.90318256566033
131 475.67360476046485 108.46230747169544
132 192.21874562925478 144.60700193671374
133 126.36827997709524 31.17252893619775
134 300.32425025800615 6.145749331016873
135 86.60273500706448 201.967725988453
136 43.98217143914362 261.8392992063968
137 420.6627059933982 351.69749130004226
138 118.8445874656364 192.23903241071199
139 298.207581280095 137.24382902047165
140 390.19657103457746 212.72637196155213
141 250.39181965267414 49.80302868155137
142 226.94646049237082 20.993318938501112
143 149.31571272026014 240.31717838741778
144 121.56964275945246 477.54901624190666
145 351.08624238822284 39.342607525001505
146 284.5588476642172 129.3468852699557
147 245.04002482806817 201.54596628001596
148 380.2829079220585 31.733139511057278
149 194.35665189479244 155.57793112161156
150 164.4105287658966 429.1800843451154
151 438.3737297188937 361.290627706378
152 24.21677691997678 140.68683275256896
153 46.404542348745785 138.13668792356208
154 306.15767301973216 474.30506601013326