0 378.6837027657236 235.52994274220444
1 369.1030755371766 11.816749083996095
2 52.56674227122741 355.6220008535091
3 133.06289596235558 174.9552791315804
4 225.78701523858152 476.88252399058905
5 486.9340385678775 10.266745971119995
6 297.3818385146143 265.8644406594841
7 453.2575289700963 441.6309369147418
8 178.00941708058576 329.51688389492125
9 205.69405761211704 487.06510089057855
10 460.93807946750616 332.0797387233574
11 201.73383871472905 394.08507088159604
12 70.49160920432517 457.21384813511963
13 73.79019261837723 143.26705795238325
14 316.0646639850001 135.6202308942036
15 99.14073137657391 368.2733130780121
16 451.4993477976292 252.96065523857536
17 155.4357071919614 180.8677867668547
18 9.696751140400112 309.10838808544315
19 329.6535920092478 147.86663668726217
20 136.82670849508912 337.6293092327671
21 217.4514592841658 126.54400773016116
22 49.394535735235074 176.92262886493586
23 486.8316607923588 464.7443320873312
24 49.724991130675924 39.63424049274297
25 424.92595296782406 69.84084302158891
26 163.1322494986894 162.7973112711274
27 21.484188578393912 174.72322070177012
28 56.158192044156394 190.6512653524267
29 58.347517932300114 143.19818837919604
30 337.7827284612888 324.24376471146206
31 273.78424616881745 38.542510893415994
32 179.4356592301507 154.73003101760108
33 407.07162980298887 220.4614326360794
34 452.9734277494699 25.749478492021602
35 279.1179885913936 115.3738139989007
36 168.52283863883036 177.3817235832952
37 83.2367744618064 430.7707640927942
38 62.2395504150614 380.96249073890624
39 205.40799125463204 446.3760047088373
40 36.58084263206561 226.47431154646898
41 183.49226141152164 203.97379738963332
42 499.65020514097375 197.31791882149645
43 352.89875413789827 302.06425352182055
44 303.53555106875456 149.01719593524328
45 278.1509974226175 201.95601751342656
46 92.33324823890291 329.81378328759644
47 305.642666144631 410.51288934794536
48 300.72717385841077 81.16738640319298
49 400.63078601339276 92.53342745766497
50 438.5746837201951 413.89302536044903
51 444.17482066373816 183.6616327562086
52 34.940951862073156 174.03921998684586
53 287.29717520021546 277.8021835916587
54 253.41837763968115 128.6388737403635
55 138.11486621712828 120.2446526407509
56 212.36978686820154 326.1495739015656
57 269.0713630775232 283.0895044735294
58 1.9418373131799438 232.74053168302305
59 88.68420485089005 150.1119830675623
60 158.30963056499928 237.58077197826324
61 325.4162471210797 164.90055877518705
62 84.63382280670078 243.93618705483644
63 384.376785604672 340.96300317024713
64 6.638329918303362 226.19297560825933
65 449.5641155758587 399.50574123454123
66 13.549731667829429 278.89041712140516
67 487.2718542424071 493.7611921080163
68 131.37884472952356 365.46838197918925
69 88.09896603805933 348.0629340536122
70 131.17024434176236 166.71306169154775
71 478.72686551878263 288.3500075313957
72 436.8974265332863 137.81898687460566
73 54.2570653075944 28.419338096611792
74 34.13930935388522 96.57644600316603
75 12.438840777044664 263.03925261119565
76 244.53778285874918 421.4400967087597
77 419.55873935329436 28.98722867850213
78 13.30708634729194 171.1382322741449
79 65.11253766039243 29.18144039680946
80 139.7417450921664 235.04162702477842
81 37.63492907961025 36.338373340480565
82 423.7536311706109 370.7265984002675
83 175.22359901758594 267.00780051495286
84 254.9573930425935 329.03912949956464
85 473.3615268662452 80.41147760111879
86 35.719176267208944 53.49513843830235
87 17.61502912131851 144.2434033802441
88 109.88547173128612 286.03664067474983
89 201.6650631641653 209.47734008849233
90 53.61672710454607 250.00420201995158
91 258.9152650639797 461.2708864208773
92 245.86463170696288 467.6833803100656
93 135.61274692119704 444.25607184380664
94 74.55277190363792 111.9359366888848
95 269.0161354582478 406.86235080931317
96 4.446526242753028 230.23635151831508
97 85.6503880605117 480.8310873310406
98 439.0318963294748 41.89991081440453
99 409.0989556434337 482.7490587781332
100 454.4613900355206 489.4107399323795
101 446.1012468453544 240.25427046874606
102 0.7711414625051443 108.53640563514818
103 208.94705525775515 232.54822752089515
104 54.12504691034621 303.3503768296706