0 326.6568932827879 1.3269194317009396
1 423.2796119377321 18.497839964147865
2 461.4484103414957 247.74774292944664
3 403.10988126361974 443.4841526019203
4 227.12850864506083 86.40298251704563
5 114.43687079022023 471.60443926790714
6 242.40119580786273 468.6210069296176
7 307.51180563253155 24.812728019912633
8 105.99501414602143 442.16400108974386
9 315.5432055155609 352.80365198689964
10 420.3135583567114 265.18627908183606
11 287.4690581471915 330.145671615706
12 437.4750368027965 465.2357541044898
13 23.842943756786568 136.39546791563032
14 86.08279209748792 241.943293826789
15 236.91679921076545 14.864026944318113
16 279.7762347322464 463.8854680467888
17 337.7885533672561 135.7489070232244
18 481.7263882878146 341.6032718484153
19 326.17588035553837 133.5474679052143
20 468.76047178679113 284.9126248016529
21 416.9755496868697 220.02216165229623
22 56.726587171763185 301.45231280291046
23 281.2726677045752 353.50160707539226
24 303.04303339623465 237.8803743617432
25 147.87570543100352 313.970556100317
26 309.11552516910217 75.25261134258137
27 7.770003219485192 148.22639134521233
28 294.4514233164258 435.8945961354745
29 327.1065604330736 336.3617241000623
30 478.85173081577176 410.51365684321854
31 449.47247734720725 181.97037824453363
32 136.0196561260521 308.3877216713015
33 317.2257529317355 361.7674513749852
34 368.2886724638388 389.2153551455703
35 190.6193527857034 223.7651954912913
36 202.9437904731535 166.61423937825293
37 269.2883152205226 412.751953327444
38 128.78617459777948 388.3152289868451
39 469.4282793868092 74.58492115896301
40 498.17448726672177 314.81495299878384
41 101.65521272277165 416.7259118551801
42 5.765566283199703 3.62154211430376
43 334.10327056205864 96.5246907277988
44 97.5723788751218 339.25710478379693
45 74.79152686876034 485.9859032425633
46 153.75924795891092 144.86452242057246
47 370.6701073389183 62.1432796144869
48 274.8020073975143 330.6072298251547
49 412.0424152610102 301.7087090953409
50 257.2554243735035 98.04774185896981
51 491.2524799253915 177.36406076365105
52 82.39015166468435 409.34393088309207
53 46.62521591001301 14.920034015918798
54 321.3889474364564 15.411541057429003
55 442.6520963870218 240.5789029915477
56 344.6242674407881 59.16754094785443
57 211.32597460322674 192.70723770288143
58 113.77889360447625 380.59058251849564
59 297.3461914747045 39.84954031129175
60 79.21691647353344 401.6136053138506
61 175.6386464746329 467.1955043877752
62 375.0636889271729 141.79768534858468
63 318.26551216496097 207.3509741972359
64 50.91186780415856 145.32751248151126
65 115.33526203592379 177.05703116367255
66 22.93461913899611 341.11578277581975
67 214.96621668382488 370.4513382338301
68 229.45766113168438 116.7068809166848
69 172.7053423312794 408.57281862640343
70 232.71851179235384 153.23022632171512
71 439.0589091528889 81.07295507992528
72 93.62452840903363 341.8691168358019
73 421.95287960598876 455.51649234059244
74 350.8102299835692 428.1832144294283
75 276.00807865532164 114.22884722050784
76 327.1902880266722 328.1509329509448
77 66.48906736687096 379.3797348186484
78 281.5059550363823 398.98271499073815
79 140.66527310988934 348.8794724969796
80 69.0711189595876 292.5970007148935
81 332.1092343361649 434.70895436011125
82 65.03792382384079 394.1475886523995
83 78.14921329419677 88.50412132679047
84 37.0229598791915 208.14465664621724
85 114.29196087609246 273.57245315652875
86 14.861362930608207 474.5211143706906
87 123.9362184653316 291.0314218550819
88 426.58928009810273 176.4617568869245
89 116.10908994488625 467.42801589579625
90 398.4945802230649 68.93497870518601
91 286.27416011734897 289.0236773701964
92 147.22101587502945 250.64476108059716
93 276.4845103774832 492.9100655561653
94 272.46275819396345 301.555642899525
95 43.28320707429564 243.25936651074466
96 74.74452719719281 461.23387469892106
97 463.7901893889979 479.3061545814792
98 217.14641338175423 307.9951604384312
99 378.35677629347657 157.1085193978604
100 98.60326778350645 421.25263325654777
101 6.017753893898244 112.74232260014998
102 315.5852416701645 4.518542033054232
103 480.72576220787903 432.3452964875966
104 408.5489375729137 15.228499983080773
105 271.01383997987625 241.34660735586314
106 376.53809353643464 356.92961754344304
107 401.299529904533 54.29252433724233
108 55.70800827636431 297.40199103805173
109 106.51741681081333 325.9106543467615
110 8.349929699725827 336.96749552296075
111 37.146800958836614 142.44254867517859
112 477.199305403792 342.58096329427315
113 126.98760664984513 35.818528936791054
114 283.42648257439805 400.29551390233723
115 474.2297865756949 186.94899846019928
116 255.7284365605705 447.34734361275963
117 396.4600243726229 389.26252339358524
118 341.36742545404235 401.41493554054676
119 316.25488722728494 468.63406394806987