0 251.3374079795705 486.616509522404
1 440.5808625045454 393.3385917908518
2 198.96090988014222 69.75364156856955
3 210.1422104617935 14.343480191798289
4 117.75080500986583 48.98458521919923
5 488.4477031279262 97.24418913978334
6 258.4296234047624 116.47910103819096
7 249.50472805866914 208.27094460270905
8 412.5290162191182 307.56580097078137
9 237.01498712102364 426.7413303180032
10 14.517691358919667 471.08931661906655
11 372.1732255895184 259.21563673371867
12 239.79590158219705 108.1675970268263
13 494.8487743557541 292.6976747868957
14 76.5783521439899 182.66250761170357
15 230.6702600859586 21.790086038503382
16 355.0361778638024 189.78331760311403
17 8.21059070273077 84.27345547142525
18 260.3231172816574 267.50531343372927
19 350.5526109634016 391.7935978435224
20 157.27269237250974 330.9047943696665
21 73.00457759458726 473.214049892952
22 389.6201898754636 230.08687775065334
23 422.6306320671386 148.71869235991028
24 269.57690831261294 185.11396906316762
25 433.56289275284576 488.93439915728675
26 135.46422939599452 278.2304889452445
27 6.769863767460784 352.184001289934
28 141.90105623543397 81.72326369137187
29 232.07012481043412 189.4772877633871
30 414.7304516319501 59.95745273174331
31 443.7008740698564 137.00087855475817
32 275.4701765282034 196.48400552756183
33 362.67738937706616 352.67745427157746
34 479.57656216846965 405.627561037271
35 383.51288897119633 441.83058040062014
36 256.2222349520969 129.63263402646498
37 202.60701485648423 254.1136017878067
38 484.60576979407733 155.27089641325236
39 9.75719222617062 267.6391258332633
40 443.03477879568806 51.79417976399402
41 354.79851915744683 234.68042387972142
42 406.15405344916553 316.25525771165366
43 105.33591821148435 247.4068755420327
44 251.72621487139904 194.51239538731906
45 115.89672961634672 354.86245732194874
46 341.3150821597565 366.68403214189334
47 267.60213966451545 377.7998469449615
48 129.07016572298753 96.42631609868357
49 51.63276593704568 85.04209005259406
50 325.5660399570176 202.1687509175961
51 204.34690757861148 431.7597549906183
52 408.31107859017254 143.3625512719136
53 146.89864514729166 98.42343495434699
54 438.1076096493767 306.8710229631166
55 151.5992383502499 173.2198672701222
56 382.9193531286531 49.86302873391938
57 155.06639635064204 344.4044239713851
58 85.28135624949103 369.9583937064961
59 86.4144702975637 127.40370413524532
60 58.57442745622527 76.91755676673394
61 379.3523882821461 228.4788443736918
62 487.67794682721865 200.86861812803093
63 38.077234739095026 278.41354919555965
64 154.61385336057486 384.92084697482875
65 242.27762680078055 337.00059329242026
66 493.7993169449143 409.02675697970284
67 419.3943629682754 203.0659016745524
68 59.43687116152966 58.123501184664256
69 140.52488583474732 260.3920701731848
70 16.38811966219627 438.9099026276245
71 423.0038362010834 267.18078747203555
72 82.6006307783145 468.09648234076604
73 183.74338785247946 219.6287257117926
74 462.78783229110815 193.6038426487475
75 167.87545444276014 128.78207161099562
76 443.59742391769873 233.97859869447007
77 62.1018413843502 298.0818324961902
78 172.94665158807317 82.24621007486499
79 382.428939413243 436.9157225108773
80 83.55109259728543 224.52653244785125
81 404.6406001935627 224.0515295138064
82 37.92855629630635 464.0007531636122
83 48.94532291601812 213.0431147743354
84 14.32105730738778 98.23696827816478
85 103.72376281943836 269.57208256761663
86 28.04479090553157 83.45726985675724
87 74.1974589705013 62.21631719670522
88 12.752096431076293 67.06033424160943
89 238.14195842787618 449.32156580248613
90 49.96902636221852 231.60147026413688
91 134.4752460680457 444.49254600374985
92 138.05824930376454 151.4756619561115
93 302.6665891665704 338.71774587726
94 140.44958970860054 449.7497639951781
95 16.431640499842484 394.2946367084119
96 138.57904545399376 341.94615694949704
97 132.1063234853903 452.5324374407519
98 139.4818429448664 276.09299304820127
99 367.4248567470295 196.6746809974599
100 460.3965107943429 197.02498980549115
101 492.16672633447575 238.60624955851188
102 113.0541814803448 116.74409588122303
103 399.2829515962391 131.6879097359514
104 178.5509330724124 40.630723555091976
105 444.6635407448873 391.49569686199595
106 415.83087804497075 460.433816692979
107 234.66622156556983 48.333606424536065
108 322.84401278962946 34.26215297035929
109 240.89073440155812 282.1348526261386
110 409.38495500580285 284.24941194321326
111 179.4534423308734 145.77045694597936
112 153.4674453544177 38.1718704241624
113 85.19384437709 462.8434839522822
114 487.84453865707565 132.06052413207016
115 351.8275402451984 458.7629743590346
116 118.94523592902412 294.7681286721789
117 266.0494760770212 292.2636857546081
118 164.06584483388744 442.52696956688646
119 215.98667611565182 176.56632618848528
120 304.12816227789085 86.76466236558959
121 261.20180684808264 389.05707690747124
122 124.69606651370513 357.832860229858
123 198.65632759777873 53.70649039053397
124 335.22856389641726 164.8478184190514
125 59.6567972576936 209.44462377741445
126 255.73963003876113 365.5417280873209
127 176.8282271912716 274.3626979010124
128 321.1337047546602 335.8806533096509
129 54.58482985028362 206.92106864422485