0 406.75437868941486 183.11650348401676
1 343.071409549668 226.9788739074617
2 481.933519759391 291.82440555168847
3 262.24510214868775 417.77561760072126
4 291.7728244712431 178.98562180087467
5 444.371726951156 121.62846817205615
6 91.26219380285485 136.37284152922993
7 463.1145607779617 400.91163635302206
8 198.45262927791322 149.1444965289874
9 423.5947851949487 90.52565180194618
10 259.68927396185535 495.45654483383606
11 330.62322377916666 348.68282172871795
12 481.7760686492077 251.66516335648853
13 499.90776717759655 172.25189245098343
14 472.41171109104044 71.56005289488027
15 21.785851199057845 267.34611041822427
16 364.3821588114267 18.846310861425398
17 456.2549558754076 488.8204508024549
18 288.5467049974807 223.5272722752427
19 184.2035926796473 263.4813039973673
20 69.61271944616264 81.93166413649782
21 340.7819120280511 308.1059805302258
22 205.05822132071359 225.87553379379628
23 241.79305731241482 129.81955011280616
24 256.3321720762761 468.85254154478486
25 4.835140914009563 274.98296494169585
26 269.63899134430636 484.2060233701363
27 363.6787292210118 472.5091010424117
28 182.1968582644385 486.95174594831116
29 188.0255571426525 329.44241881471066
30 436.84860442866494 244.29277699577474
31 370.36201260123033 465.7129022563767
32 155.2996114276055 317.8956624638877
33 471.09401346118676 484.20658442620663
34 274.0585957749795 4.682243465351912
35 479.53032619205385 470.6826326605381
36 432.36555683257245 68.23176514822742
37 63.56713904466137 236.6108375185005
38 258.0052101321128 430.8854203677831
39 402.1192733474408 346.7035737088628
40 369.92460855137256 160.29842333047606
41 3.4418689822500195 29.772730036270076
42 14.000740423578161 215.49463042748678
43 438.49153537985154 438.55498505769106
44 257.1366790018186 59.44413160659852
45 461.3868096439852 287.31730699257713
46 498.10406591530153 463.8069101009465
47 333.84536130279344 326.38038261239495
48 368.1954319278153 474.76311767035713
49 494.19884030487026 184.17848618556704
50 213.80138968531878 263.7861484408272
51 294.2162979106542 68.11242276823045
52 414.4860233353873 267.80444079710014
53 202.50316663262126 445.24601513102556
54 228.99766190468867 288.445892141787
55 172.6851639690288 272.8467103084819
56 196.9230681078065 470.96152395687193
57 362.9351330974435 59.877387063670945
58 319.3697969402595 341.9848838581262
59 475.6557370149882 474.8092449599023
60 380.1441909627237 387.4992958296609
61 241.29204350476078 472.54436101829197
62 252.38220438323674 433.257455008165
63 447.3153319793175 412.81195471447666
64 431.4852538977931 429.4257326569189
65 430.393315373008 374.1336507479147
66 311.51554417892373 55.41061992377981
67 138.6415646913498 428.3408405477276
68 411.91286141585203 422.665084451653
69 146.63724348659068 415.6711848619501
70 295.50948352070327 495.77011574043604
71 466.5686623827269 326.6712963575588
72 405.34002290991555 270.23966881974786
73 87.49259756211833 217.48958132906384
74 360.6701454519202 95.30720875696436
75 404.1764836047815 178.65511755563085
76 15.000659352086714 470.41731161406904
77 33.413407745574574 232.10835444268852
78 185.54318734659012 57.268545255083914
79 87.0155835466867 153.07372107511776
80 480.8088448648656 112.03145578541813
81 41.91518154223393 102.34629955865258
82 76.50315068696442 453.8007517929537
83 208.93168500433424 101.70213128698649
84 72.87849644814492 114.4309243333697
85 178.80082750943052 311.4356819523315
86 243.0598374045722 272.6521786777222
87 230.0026334279658 245.47828818331595
88 94.62927925992406 65.76651922891683
89 369.774615167029 19.15774602687173
90 107.93278346797024 441.28352522602387
91 48.45135680637681 427.4220568809781
92 377.1545415080357 184.5712518421718
93 76.93235313718041 135.26900324655512
94 143.1941407876589 373.9695202856818
95 394.64793494490374 32.19875236331602
96 345.7771098075103 14.841494996532994
97 134.8662008212537 265.73793820730145
98 332.0311762328053 255.72370644505745
99 336.56416824908314 296.4713905398032
100 321.9685836220508 119.07584098434346
101 188.37227696182185 336.5616098820824
102 1.9289713203171623 360.128243844186
103 431.293806562307 338.43643848116955
104 354.0580828246934 132.97892207078266
105 328.9994169409972 290.18158215249525
106 393.3240423818535 346.40089772910636
107 142.50189162595657 404.1874802107261
108 7.4060757979033705 197.787026346649
109 121.92731308507248 392.7689704817634
110 431.0298641725889 103.28112193078226
111 312.9162803918185 402.80135814314394
112 164.96914878965953 386.42270946566225
113 363.91237116305774 306.8978484706279
114 338.9849010123511 325.5673762808378
115 63.22492593571426 464.2913073354227
116 499.4315641774879 379.9352761870918
117 12.289528547291635 219.37672276383532
118 309.1239977770175 132.38764613661797
119 158.99174803947034 359.82164637404617
120 431.32919586691537 272.9343583885264
121 389.2683037671233 425.2575626768482
122 97.42389533864734 183.53519377831051
123 463.45496507669066 259.82853086483686
124 490.8418051912697 4.973332823661137
125 334.01140131140085 403.29190264069456
126 34.42373397045953 336.45156584175373
127 261.32057369256376 420.94130722032054
128 124.17937618522859 50.09000312518394
129 168.23410781609522 46.35357475666037
130 54.77111147986507 49.68899479915207
131 343.9146650088639 22.848924185482215
132 134.73826829829463 109.9611362852596
133 402.3127997600549 324.5975410331123
134 489.59473502448554 344.9340432125025
135 360.30776776439643 10.50615256295371
136 38.45293901526747 196.37825198450975
137 272.1408547963323 283.37445351822754
138 474.75432669288807 252.92466983210358
139 94.27429121980207 393.32387274324867
140 277.0192221470846 97.00150509562457
141 320.2201188687391 429.17042309914433
142 474.2684970565134 332.84271930732524
143 426.20071736409824 113.23813197545273
144 319.9145671141974 357.5987051221208
145 333.72642654181885 137.09146467344945
146 12.471489402683197 429.01377195385567
147 365.30544727853265 203.80242881925196
148 344.39143775208754 23.22662271587576
149 109.5373005647081 385.6622823678204
150 370.6995349843488 496.99653824890527
151 189.78387280756965 65.69784086066691
152 279.86929462479276 33.061414267721055
153 120.46010786536267 203.95880651862643
154 85.55756148861228 430.39367104198914
155 316.7418210207399 356.30539714126195
156 148.4012511265609 246.83535577487538
157 284.1490406237776 391.34412742559994
158 269.06705105079266 455.96622867839966
159 178.0305730738281 64.23536737431084