0 484.2893420860592 483.9869373654842
1 10.799654083874945 11.374429525192891
2 404.533110557912 76.81672519696077
3 318.98783303944566 313.8000626804608
4 263.9002742209293 334.571032669704
5 387.2697774120228 472.15147211389177
6 399.11928992509564 148.25099863479923
7 314.77663327194455 459.8119899163162
8 333.44293471916757 189.17517748280386
9 318.655052935765 42.55200282617594
10 371.35891715273965 168.30281055554315
11 1.4303341794861137 44.568080048766824
12 449.9254825858918 101.91006920277697
13 243.26102392234958 481.5717277419107
14 345.137492981805 22.73043319427778
15 14.879984732612423 345.150440339774
16 236.10867946185445 369.0577355322126
17 369.2246957179225 413.96475491793433
18 184.14168616038663 317.85464097816254
19 127.37392715274746 60.34194552391207
20 285.949997692569 154.60922887109538
21 42.42828585976702 192.48052156350963
22 90.39442191448168 320.53917526805253
23 255.39914032909013 68.78886236277691
24 354.1017459018388 138.75522973350667
25 391.00317510887083 430.847704134894
26 309.24431703084025 329.16517686509565
27 494.4992636459942 27.107683039397383
28 408.5764883329786 267.22415660689234
29 275.3497708097401 346.7119610070169
30 371.5479067217138 117.11906891918716
31 292.5402039307232 23.768126233310362
32 430.9430211564274 337.61223969477913
33 246.84907797104933 174.9846802623389
34 333.0327519645653 245.56350165572545
35 4.224155443022848 88.8343337726643
36 484.6662529291212 262.1001895562706
37 285.6917678616033 13.309675573404178
38 83.07981649544278 141.51080049740085
39 178.90262579890592 3.8963672809049332
40 192.45420387869245 478.2008770230562
41 259.5005133860144 111.60490940063711
42 435.41346717368117 489.4685700576106
43 70.98957024017567 478.7739169994423
44 395.7253928103059 98.43261434711518
45 145.67142209472155 227.8862947313811
46 319.4371173552891 75.1767947982283
47 494.52500691037216 373.8243607985192
48 375.55999428253676 34.06262939866865
49 191.6101979813408 306.8304716774283
50 47.203102155360455 391.206241870698
51 236.69026407429777 302.93716394523943
52 171.74793406609876 417.31511756681414
53 310.289083153686 353.7838079923028
54 215.25487615894315 377.437391218212
55 420.3254297770736 31.54662699504572
56 126.79727193715894 308.68852663899116
57 137.80002016166506 7.174463834434082
58 454.82988729803003 367.6896648632754
59 268.7498375969083 255.24506569412586
60 428.01608834467766 286.2765824921609
61 302.83017192143006 441.53463919155274
62 365.1613779619629 371.020348431758
63 416.43636428827796 431.8283742679258
64 39.03129492558897 122.23752796754474
65 72.23521388980065 336.5900271967476
66 79.86736627490961 486.46281632987564
67 475.34037670244254 496.85613437080593
68 48.3574472958456 409.8061536838823
69 189.13656155752543 318.12349096751274
70 45.665241512009274 353.22354694372524
71 236.9340104634725 390.05814268446
72 54.87899128936816 95.49320141053943
73 306.21795164814097 341.57004318933696
74 218.89996902872448 174.60745342477568
75 488.24663645041625 463.169515707393
76 383.359241304633 32.366528385640684
77 81.14748409988094 165.5500378256788
78 12.624551441225195 468.19108735301427
79 46.46228341682398 454.02632311063616
80 2.33918971700023 250.5587363810071
81 100.30059920850704 161.79775395988258
82 452.2206705102678 325.01324457389325
83 270.87474215232527 348.0038447453994
84 182.0396662482304 309.39562030440527
85 425.21004101740215 334.19232221102914
86 102.79805568238866 97.80251183707088
87 380.25124269792656 60.129398945099084
88 7.129949984028805 196.79018120103837
89 192.41840451324578 53.848020686900696
90 3.860709041625523 34.51122754197772
91 94.90538149409457 6.45187826761132
92 44.47618495772908 368.79645019529886
93 319.65912734382727 140.47101409650145
94 406.97834225580016 25.675488536726238
95 196.03010412025037 249.49994405292892
96 30.232914757184517 148.46799888064604
97 474.5417363825473 27.439484597756035
98 293.45128591650644 248.37059042235293
99 237.09159594356242 35.9109300890331
100 112.89089670319208 341.4153043110682
101 124.1669970899329 408.3143511832764
102 253.20711860735295 109.78161916195151
103 282.3347556897328 170.56250007967836
104 284.14466409889684 18.7068553002149
105 82.34790664264757 344.7374029993691
106 413.41736195264326 32.65860011039129
107 145.70108558995912 275.78908307771667
108 269.6929037799776 88.00820924181095
109 94.36225716787943 485.9239799445801