0 372.58231992275046 402.1173374808126
1 268.0999197932688 323.1594437513871
2 367.9154103182345 167.03277496667695
3 87.7461515290782 384.49828246722575
4 122.89457947981936 271.47280353944103
5 393.4401000051214 499.7881592335783
6 269.4467213426181 47.60490271334936
7 341.256466785669 125.27907797101615
8 274.59666929006215 237.6422863153087
9 215.3828205854395 362.1181833315469
10 284.34664688457184 463.2183385949179
11 363.8871911195192 274.54676665268084
12 295.33716913340623 454.00830885780175
13 31.489829205567002 285.9266123657772
14 94.15389441156351 467.90266888706884
15 486.43654347297934 2.605837139978035
16 30.712403739348478 89.11157039243473
17 446.96667565148664 427.66240382143866
18 461.6268992754938 113.81159232674077
19 401.67072398882834 68.24809605453994
20 118.84788200665554 487.3332605891269
21 276.24023331774686 89.59660379706992
22 227.14096841791405 326.43208130000716
23 262.7271993742389 215.75640517922315
24 348.1705913127704 357.88591126653995
25 302.45060009894235 272.7624706853486
26 322.05142443514427 163.51793297315922
27 321.1141560367626 371.27043159575726
28 109.23518241443129 497.75713472387247
29 293.53319273604154 401.6424548597884
30 475.5112455651079 8.017355378100378
31 92.60662616532015 192.09658426595234
32 206.71757502917316 108.50083118781167
33 345.8167385589969 369.8090706623982
34 468.4813332154666 332.5139665721898
35 168.59026412090236 164.7941854829048
36 412.9390307974397 459.0204198667878
37 216.3129226918189 142.97678843948685
38 378.9218242073143 326.9508556163861
39 396.65340895589884 58.11974831345146
40 295.534160258382 208.73859024719133
41 450.1236298242251 303.1718746711599
42 399.4025606903088 305.6571693448704
43 303.4784066940187 181.16159882809612
44 456.1260411850021 397.7981542528833
45 216.64140050463183 28.977199692208075
46 432.621161032687 411.9468400753316
47 243.33262288897163 0.24675529980739408
48 440.1217170764514 162.18843244606532
49 420.46894774007944 154.05915381616396
50 296.5668830295991 287.8088174490879
51 377.71041398040427 316.4520605397563
52 223.9915480396706 428.9418183474338
53 237.2335069002328 33.43362790363075
54 494.3185846217967 493.4585501961604
55 227.92636478480946 300.8017371105117
56 287.6453357132811 406.7950175102803
57 399.72184604734497 118.17803867880274
58 121.71502199374103 73.77010714365721
59 164.71089266656546 348.4832533352775
60 414.7688923011794 369.95940759119543
61 132.0115939743579 220.54658999795626
62 134.38586863072507 324.8584928928
63 312.10887287172346 295.6635914561308
64 495.23403882533995 309.8952437492324
65 305.52483625347764 109.6956047969361
66 280.88164667844336 390.331700525327
67 484.23206082124364 202.73804102252035
68 215.9455421574212 187.23392791899388
69 466.179602982729 185.4761450506036
70 177.89083846963703 0.9820754283091271
71 389.6661562160847 11.093291580009984
72 162.7380393952736 126.24329398669089
73 52.06515000719644 103.00078060045603
74 98.7825748619961 247.93641688314605
75 465.58320636328654 16.71719783416494
76 468.18644048024106 21.48001169967215
77 218.3167207590516 359.94167565775297
78 177.9629928131246 418.5344773608179
79 321.86018237722936 221.23695029941632
80 279.4429733363213 155.52396055446755
81 306.11567182936807 460.76696208784443
82 365.7838342755726 71.45528243642067
83 417.75456377662215 253.217856634462
84 443.4641869882555 42.938934052964086
85 151.99060835567636 423.37240777517906
86 86.99117353699165 121.860852877501
87 193.93755983065367 174.80470930219678
88 409.2411926545802 355.8542530816757
89 19.845431001962247 494.81547235513574
90 187.9529309414592 339.5768600687041
91 35.93584423501033 109.03775438594359
92 10.89641721256158 386.81186156995403
93 83.39007126099322 80.10874741393378
94 364.1532430213295 307.5797478016192
95 41.28272635772239 255.4253603804303
96 387.7601378328229 162.7733376052076
97 8.89954436559191 19.279772658762965
98 414.6919848997934 492.3098254631506
99 210.9291615774516 481.6053084707597
100 426.7901207062165 417.4314267556446
101 315.4773391668979 449.1543856672448
102 268.7778397419598 202.57987684952093
103 297.7158039097478 307.1768143160404
104 267.9476289280098 267.22066142453735
105 301.24872574060583 138.57044367599087
106 367.453005813893 361.0988456303472
107 174.95658183144604 221.03537828974825
108 492.39300674697125 76.6714751512568
109 475.15986196780887 304.97917580137323
110 101.03810390075915 99.88009316426651
111 210.43478773250126 388.79224197954716
112 267.61429561420783 90.00245407063399
113 24.308403031883316 13.640970557605161
114 144.035162877284 364.0537336994369
115 254.36221043106335 447.11088757805874
116 353.85192126600185 60.0952352299006
117 11.98158093108514 445.87282347057857
118 125.47747387887048 278.85271063373136
119 484.1024392925039 199.04212280463457
120 468.433000594022 221.2464737430533
121 80.8272153201364 378.05432057463395
122 231.9640676861295 215.79190610171935
123 459.708738742264 147.69024398073435
124 168.87829633893094 69.34166843745994
125 107.83381315025677 408.34931166863225
126 435.86753484909417 68.31008567466665
127 384.57761051501365 429.7919729413384
128 15.895275042244178 55.345002947950384
129 347.04518482625076 26.35024243702578
130 184.45314099913858 410.3940488282072
131 173.76857307592232 343.04041031135955
132 403.6205613170652 401.250130024622
133 234.18562610062028 303.10215373540376
134 7.897803832494934 308.95447714642245
135 73.7911225141555 285.23592106119526
136 78.72481460734937 390.88614932812493
137 160.62132112050662 54.21344032665952
138 116.44694020450393 214.9731980618869
139 189.90952005936356 32.595952242227696
140 2.2437059686324345 110.22335933375541
141 128.3337284263838 7.010381099994397
142 200.1976788964149 447.69117319610956
143 410.2662249443833 435.8060235648674
144 297.2479575832823 224.07347781428638
145 344.8308255500197 68.94243227490195
146 261.2465856052826 440.35694029815363
147 337.37490518596724 206.6436630227572
148 194.7157977947517 10.328631567298352
149 425.17190308854924 470.69535161346164