0 286.5477542441453 31.370289046590734
1 174.55720397747882 257.8378366925807
2 66.32052368890484 480.1457213190481
3 300.5841694302133 500.91845315834075
4 424.7034960417623 114.2013592415378
5 237.65389671183632 312.31232348906065
6 63.42324131558658 341.4412753321094
7 189.36290662395956 371.6723477837149
8 297.67515574685615 201.04134208381737
9 372.1099096147308 96.35621286609938
10 131.01270622914546 493.68897722924663
11 225.81729810632834 261.53383732435185
12 5.695497398707784 346.6628679909114
13 220.47917479670258 179.19426317822422
14 452.8462146901495 412.51914511127154
15 430.63456439367576 100.66425952615116
16 114.61508164507572 296.75656096249327
17 39.041055738597926 489.3108759592914
18 468.30528722425083 69.59614115015572
19 287.40720337225804 366.81560272567765
20 26.074135205156093 166.92967468194044
21 116.03123887550558 494.78027312844534
22 496.39189049618915 244.5665527292955
23 428.58916702164925 186.4526270596209
24 72.91396894986177 67.13998718031434
25 385.1170827178278 173.0447825496501
26 32.80213349346701 280.42126880828187
27 110.44057921560332 500.45774856004385
28 280.8162348604919 458.3346774614749
29 470.9182021725557 81.22317025537947
30 252.69068815380018 141.6659854742463
31 295.3868142567664 147.1258605418652
32 385.40832892419473 143.3136032686191
33 27.622978008406825 466.2811386829804
34 340.9892162987482 232.94463918081252
35 241.4678099263846 395.40600726352903
36 308.3231593052169 442.08649062468123
37 359.00201175605196 481.64594043251884
38 443.3920642058506 76.01029790398374
39 172.80313981888278 19.596946155896095
40 420.9516727033836 179.2436894895586
41 417.3689733589324 205.0972082309205
42 108.372629862123 74.18809456903631
43 185.24898376706383 205.95371890105667
44 47.87627238576169 304.10989791711575
45 444.2899551844165 262.0159468784712
46 253.8435186543447 197.72465459018997
47 195.6724949986166 129.91218926854154
48 302.22353200117317 15.700438132853515
49 88.09185809835449 496.32385131908705
50 284.32380668595096 69.66860560986751
51 357.51943033959793 239.88850748277338
52 436.4244469129968 457.74964742305474
53 2.4707253775148703 258.69483315382337
54 145.72683729345536 47.17669966687177
55 488.60087431951564 348.8607688467278
56 63.1204591865853 110.33085154132448
57 23.75078532563641 0.8708861443642629
58 196.13158999664924 12.390057492734448
59 188.2747704513018 301.1896210948985
60 187.20361368170305 197.83748725607828
61 175.59495785972058 483.16430367189287
62 413.15117063595216 227.27508382926902
63 444.44813160095174 85.38503967490347
64 123.22907765357154 482.3449425289
65 354.21760459600387 35.478225655708
66 82.76145073293819 215.07349254450628
67 141.0755195396709 396.77620833513095
68 22.688302925368546 4.6225129739831115
69 183.40034862431085 457.42763614647305
70 241.703318974372 273.256225602719
71 40.07988582501576 270.29158610634767
72 323.8811712852536 426.3152035964343
73 152.86171737104098 204.39276296927633
74 248.82173336363675 328.12542471014876
75 383.8712035960127 51.806213769638056
76 83.37528645579891 233.06473339950415
77 268.7813115590426 224.58695957123936
78 25.95489882847562 485.45936287259104
79 433.8889413685931 65.76314306332775
80 281.2908391419384 247.58935614355696
81 85.52948882730043 342.4710764399649
82 95.2368521474509 241.84458053949106
83 369.84402864803803 492.02623209104615
84 281.8991823761276 445.9920153547009
85 104.90309704535144 281.0963611874126
86 181.9266408726296 460.5899208044768
87 87.58616660950605 74.17121631276825
88 305.2735623305316 259.81637594381493
89 145.41819735972476 2.2079282601604406
90 283.1275834116486 317.3668987067658
91 79.77209260318797 424.6720111599403
92 345.9801007547846 142.6202094737438
93 429.4605247735487 180.1907589830831
94 212.00966630073682 82.97106550870585
95 189.76094662168947 272.68951773239803
96 128.0474555454331 301.08578368488276
97 239.34445832328302 244.19046326718941
98 265.3984426513987 194.84870967536224
99 170.41205359965815 197.41972711032165
100 301.7033713205739 130.9366250674382
101 140.58122999001344 64.99050612952865
102 276.84383494723824 220.2836487499348
103 92.71124355406896 439.20821930011607
104 202.6164307908318 19.1803088233268
105 368.90726012423505 466.4783057947306
106 454.5319112870984 437.3883829288411
107 277.4014228384582 56.888192026881
108 144.63125239485564 285.4467831174111
109 126.87335971978378 371.7818580004567
110 13.653086776626903 368.2943981249154
111 47.043022064983646 314.048895160646
112 310.23546365418275 176.4416915912498
113 156.04546708412994 42.40931940551392
114 259.08991248296394 247.1860348994555
115 232.18032885413095 272.19163958370467
116 452.2466994483907 453.7843839433645
117 54.11792426529703 454.9731487317949
118 362.53784019806966 8.072348975701328
119 462.53933469868315 248.98031227733574
120 236.45786881234602 214.74988071393332
121 468.4898599986146 7.331257202500889
122 255.42215155457225 21.44172685937844
123 435.4328614736177 368.0434731167227
124 180.22909996432742 253.68465005125339
125 383.1055912150472 392.2268154334424
126 134.22439867950445 419.1935889603698
127 450.7989216270044 89.03504353991828
128 261.26454371023704 347.1154439341781
129 381.609770382166 34.759089952315364
130 228.0815859899589 481.49179816425334
131 134.54787974830066 222.91066631240747
132 410.06219483904016 14.820891120012986
133 350.1180600735735 208.26710954512413
134 94.77142165232735 185.43429661755403
135 409.1443135580058 44.62672042392797
136 210.77539317821822 410.38530705830726
137 248.15416282185288 471.4582173216738
138 343.44687204189296 128.68351775337143
139 368.59939957419107 276.71900688250685
140 270.4738167794749 110.00433218698353
141 176.55390926329332 274.86371556805983
142 288.7333813191098 174.45204779559978
143 379.2994415442999 297.46821262282225
144 327.04263263622147 238.56176553272087
145 104.3872811550939 162.95337185702928
146 196.05188867533502 295.4880875011429
147 308.3465199401132 96.60910483725326
148 313.2078376347921 429.2473282124835
149 243.19905360959365 131.49104947525453
150 370.2811061483507 205.95537128264283
151 443.3368544750871 91.79052935205885
152 198.42620504727662 304.2347274908508
153 176.11887713511683 339.96334635336154
154 487.1222156896283 6.351799584596494
155 267.75284674373404 60.24321388268075
156 66.62807456866992 247.18968506796355
157 485.6416592668029 486.1633525153775
158 186.77930280677717 183.8616469561274
159 401.3943986749981 68.36248338527909
160 9.051218301923058 373.6272965200024
161 228.12886107626088 287.26151101744324
162 70.81877878165297 437.7855979605448
163 114.52546270107047 395.16276515804606
164 37.654211063378874 237.3884564890892
165 261.3316541964581 129.9456364013425
166 364.32114984771647 431.94327552969116
167 484.6614603937469 75.81114395178327
168 349.8473694388381 433.7546456224511
169 11.486594710833952 75.46210922736121
170 141.68835173245105 190.19283118618648
171 344.17344708221447 329.69673649380223
172 396.5297887467431 370.9708698488506
173 441.78471101741553 39.64031937573256
174 139.71989223346208 481.4620340443744
175 348.1347525228909 224.74313448641078
176 340.67047888212966 134.1960741213084
177 57.264650818703906 85.2322908281425
178 282.8212330002963 158.93536455648484
179 56.08588928216402 110.92080866449415
180 101.92220658539213 463.15063830981893
181 465.4308030118119 390.14967633351694
182 204.45747775178359 68.29185226683025
183 100.64356715213992 425.1666072584862
184 326.0059816529185 500.9805050702782
185 61.14711055170006 79.42998374748912
186 152.2158914194609 219.1378835849822
187 98.12945968335342 128.16726757642562
188 223.854768504453 111.10744658932114
189 120.60727729575974 246.0141440622111
190 290.0902539902853 85.02978976282371
191 115.6446619385527 160.71407778413365
192 376.7544912701757 157.08506109143767
193 119.43239472008413 77.66751807858101
194 43.85063699579215 499.73054933590913