0 274.2043168641601 473.6501988697944
1 189.06681055242316 82.50328244935724
2 164.57687966845955 295.84948267675816
3 152.77691329488593 242.22438030711842
4 403.80425391176124 443.2260526896577
5 292.5125478283953 295.813391655054
6 18.894319953555705 3.9217012717964743
7 489.835232148744 225.28080593323165
8 34.787802013410634 499.7589073191437
9 309.16087424784814 369.5975108232375
10 416.9130415658456 391.0155695813124
11 49.42483827738156 359.5119455719076
12 118.94583562775503 456.9083694499911
13 204.08473537663005 243.57389901619183
14 46.08006101893264 486.13535428898297
15 453.17929897974676 29.288312267904715
16 258.91623813518197 359.5132273607638
17 227.5411831390142 153.7104031245219
18 200.2836104816043 168.08534385213568
19 435.5479353802134 431.337068303088
20 18.925109161395355 136.07361198001004
21 126.98783205497419 346.85010221511953
22 265.9954442981817 245.70096560062538
23 241.7155971598627 128.12281904573027
24 340.74911447700924 107.22028010239113
25 14.778203269115703 371.9147162593223
26 54.62826897482374 279.4518306969019
27 284.60196027185356 104.84743148908856
28 41.199491111628326 410.7531335071851
29 153.6494118061184 47.580690210163496
30 12.034134951894904 283.62360140814747
31 403.6784270020913 452.5883377196912
32 27.678707443564555 34.08076857922611
33 53.365430389458126 323.57211225032495
34 481.3195332976132 48.535875627003676
35 181.59110527331015 484.34486754244216
36 438.6104887389254 278.14343520628813
37 403.12922475040693 373.96525399924167
38 318.4029572555275 468.50306894480866
39 398.8278457697731 188.01204437379596
40 88.79386822180433 67.15105397607887
41 467.62697510037657 412.14920878394406
42 294.99079496149045 364.49522418925955
43 320.91805640886304 43.55165365470897
44 209.98229889776354 202.71864431766613
45 232.81783920145946 303.336993962368
46 315.8972050131906 451.7059713585795
47 166.90310476342938 364.87967074972
48 73.23831823900102 219.23099551480652
49 179.8322290800775 207.7719704105473
50 143.8839046645051 175.4844670801014
51 197.06598690101313 450.2400778155792
52 260.8648270825786 179.518713004286
53 207.59231437771282 94.02372493070719
54 424.4454812675866 318.33851786164036
55 7.158256148119888 455.0841752694789
56 422.9634935138066 336.177602532673
57 352.0175340138447 97.01831721730379
58 427.21622765702233 357.9657498582381
59 238.61267001394893 8.72523443600686
60 21.921324422457566 226.11348352444472
61 62.92889261166307 313.69713792203265
62 67.9240337114209 222.5200630173177
63 21.47973915153545 246.28775751072953
64 172.37592670212752 394.1444278295542
65 440.0149092147234 257.4490517576583
66 373.0673235885421 182.5701987301636
67 125.07652834122715 20.721135428414357
68 300.4604895821945 46.74245921228637
69 427.47275958243625 321.71035960273457
70 181.7406716533287 259.45755060328065
71 373.58595683104704 230.8970481613582
72 4.379095915733007 94.24675080962031
73 136.18780434101444 213.37704078083746
74 30.285038069324255 154.01027517474043
75 49.09480990745235 267.06014794218953
76 90.61317368112203 123.130382050131
77 38.564771787686226 463.9238057436402
78 242.68817868527773 323.82062688832036
79 109.80894419371546 259.1516946850695
80 392.3099456143451 9.152576546682125
81 437.37388840880095 225.3746853560545
82 414.9112560404584 453.54271972743777
83 164.43371564513433 393.77558331565587
84 117.6535575837878 474.4786354963184
85 224.22527443526766 214.51928760949346
86 91.56725464611429 204.9175539686446
87 302.9580716781486 213.82617472463392
88 88.26975482275495 23.099379851123206
89 80.53482657387595 255.01972045156373
90 57.62708925518438 244.4824619310533
91 474.3306014271716 439.0477395965251
92 340.9648500881077 343.1323419226369
93 369.09492390164405 30.302367549356298
94 286.0790652688111 169.17197915479957
95 246.76571307612906 452.04481857909224
96 218.34971474882943 325.8366055366415
97 121.61316786352057 262.3791983916692
98 226.7176359828769 95.26715677349887
99 408.6682434567391 250.5130728823771
100 183.1496301914442 58.42331516919482
101 145.8325334207353 153.99310936482303
102 232.4871494177786 276.40037750491695
103 478.4149936089797 260.7102609866267
104 207.25087612298893 200.9940331362862
105 375.09615348834717 82.73185402695502
106 39.05627187554362 255.57263503369742
107 344.4810438341314 47.4367401093232
108 232.78456094452645 319.1887748982122
109 245.46997559787292 124.00501815530181
110 358.5490758540307 183.3903877359974
111 354.64960696044517 87.04507958494271
112 311.79877607664866 370.3758828873395
113 489.78670329332897 135.02869110987922
114 246.60843840216924 45.97899504550727
115 310.2933218774541 374.248390108405
116 160.31971752136843 147.46578915206547
117 354.22412308515794 243.21224056243798
118 61.21747252137809 186.27977648862762
119 451.96554075822974 279.7467133676835
120 492.85247953502187 126.68062192489518
121 400.2812929269672 206.59183840136205
122 417.95500723846436 114.68763823168464
123 132.78966506797897 192.9412439898771
124 111.62250337599939 276.8616280198876
125 138.2657266342183 247.20514112864814
126 196.6106261889138 245.23642288292476
127 21.38498299427777 98.25568726606242
128 385.1082329595505 26.146698381326473
129 404.654927029346 71.55177629237375
130 286.3351870173504 296.7889385903919
131 274.317231370677 378.83444619167045
132 318.6659715817039 202.09971112974958
133 480.94549555096813 432.5340867964241
134 342.7526561825334 247.93877465279738
135 269.31213689371134 246.63711672652792
136 114.29756993210641 371.62396076348654
137 116.85316737892332 189.52272117428993
138 3.7088791216594026 340.580766365963
139 104.72020823067649 345.1987421831488
140 179.8617641190007 162.24153343873323
141 212.97702594198464 485.4415328669295
142 103.58318381793043 259.35737682980556
143 187.97115699865532 164.57551094816574
144 208.2800290888206 245.57086339164542
145 51.29113014501891 230.01638032424682
146 52.33862809594257 244.4378099128128
147 371.0061258936365 71.24532978178253
148 66.53756832835774 292.08421471051213
149 109.07691643192408 269.58236189225767
150 195.7365161987713 6.337013849491445
151 215.92604595909245 345.98278892679696
152 351.53037615405486 349.4774840293492
153 78.1595754264485 182.0939541250451
154 62.3911330827196 454.73160243396933
155 95.34437219493692 268.9781267108971
156 94.05907186393776 198.23393770504296
157 373.56178393092733 318.23261361276235
158 61.59040037116454 352.47964798448345
159 452.1826128147518 416.7196538826673
160 239.52030394532946 381.21432010953384
161 9.937965895854225 291.7564341452351
162 293.05820456820186 171.30142903304855
163 175.89665125856374 438.4092341667837
164 116.09649453593391 212.35506977961901
165 382.4024146146921 277.4863185184149
166 275.0842918433086 500.8282026300059
167 187.37251143173532 235.930232753205
168 278.49474846062043 218.80682996222546
169 64.61460279921747 77.57317095019773
170 15.697326945347118 22.975923709888594
171 413.979471958731 71.6376897136949
172 190.5356335849002 63.09519559847957
173 431.2348672129073 59.94075978264342
174 471.80714120306163 192.851074726826
175 4.519191120542715 263.4899396906983
176 377.14268293661274 151.1358123623496
177 454.11381318136785 182.0486929805147
178 63.49169624831437 345.645509342218
179 238.05871466986983 250.29153563591066
180 264.53339625889015 227.18579592637226
181 228.82869657939045 452.3699881298328
182 67.85474735906222 140.2274472437162
183 186.8860169946149 442.0667091417857
184 86.66245333450459 406.06350868268134