0 348.4300875534847 295.2279146090428
1 279.1298413078058 323.3855873348376
2 369.0761456590547 375.8331392902802
3 331.2179727357801 198.21877780681734
4 398.51207731221496 421.8865336453731
5 13.95657662140019 438.93336812476247
6 192.4062875793132 349.2954156044573
7 339.7216440551409 226.48552097045905
8 473.96931357948506 415.03946088660655
9 127.00473500877213 247.13051053098167
10 166.60809188709558 303.22778412294423
11 306.5333843661752 436.5988075994424
12 224.05412231035785 389.0914899670765
13 324.37221559517405 222.1286516926327
14 447.1954296268985 369.56567043235094
15 24.811470150734362 251.80849742203
16 77.59705725566675 183.87743372476658
17 215.4324740380413 127.39838044601102
18 425.35602612465914 112.47559480683206
19 377.72873945083495 235.1713386269013
20 407.5040864493743 195.71288500492307
21 144.0572451207074 305.34448679283787
22 195.64506778550037 127.92285010944933
23 171.49576695525064 439.35364124664096
24 29.893775868639942 58.92134702557885
25 470.3904263378653 422.5665456429858
26 349.46922289127474 273.5066882504483
27 69.99184194223665 268.02653873212665
28 67.48766814232906 33.23225233609602
29 103.59871069924364 56.471912186843745
30 174.5992416121598 448.5823522624374
31 466.0543494362649 289.1859048079615
32 294.1171829632578 57.69441366264843
33 221.27499184228108 123.19796922346032
34 478.1994814844859 450.939621400026
35 289.7275076806583 52.97887511775822
36 252.4603677258358 73.99952645575374
37 198.4201184820445 264.05099122069254
38 342.11261688756986 70.55726978050419
39 372.02112574059953 119.86908180956964
40 27.37158988172652 337.3600536675469
41 449.1788607813169 458.91827506371345
42 290.3878227806242 205.20314703326912
43 77.98026341632595 97.22258416494046
44 191.41780188719943 57.33626561628078
45 456.7559381591853 230.3608612079581
46 426.29070989621806 396.8992030870244
47 96.11650580661545 138.6465772926887
48 63.48423507211591 351.2567393365598
49 432.1877434238589 450.3437004936083
50 257.2832755221738 337.5212066226061
51 348.50164884933724 459.66285079266913
52 59.56314957148449 83.12706414360511
53 137.8956762046448 361.8104596917654
54 37.712180663044364 492.0524606567567
55 147.07456417028422 61.5480458159596
56 12.088731812202028 340.1710839392442
57 60.196761628961355 87.55973518637053
58 77.19362891127648 119.26124612099728
59 331.9620656962467 489.4228205381344
60 489.4315091367954 358.39935206584744
61 220.19742615916476 487.1301030246979
62 98.93310182809242 112.82144994329452
63 238.86454263080446 34.92175970583606
64 244.41548877174765 398.8492449508702
65 53.746192388110316 363.65056197425065
66 356.4682746898271 175.14579121369897
67 2.807102861237485 492.0263361085761
68 79.97138698948275 147.39135435711023
69 411.37098926940376 165.86383887903278
70 330.57333380508464 1.4514341555884116
71 293.80703245518214 102.89272604130775
72 499.2891594043335 374.2465559557088
73 337.37696276171124 413.77929585733153
74 472.31305285311925 248.8272783032444
75 222.25842356491924 62.75654398154508
76 172.08317212238 183.60843749359867
77 450.5305393541974 235.66256148908184
78 58.48485318154579 192.3225466340561
79 289.08458602813533 475.2466979498447
80 369.83319855629856 345.0154954706503
81 325.00548187556603 26.318995076292946
82 382.9371345917081 117.32625694260864
83 346.959210698011 351.69015082185877
84 107.11466001266547 277.3676977451805
85 441.51676844133067 337.87788589289806
86 87.5021874028501 89.7570143006479
87 199.14691098970047 341.2398450518887
88 418.38129859559655 429.7319143015949
89 365.81808246742173 261.5344629128393
90 122.53192379778706 397.8327360193637
91 66.7640696159061 490.90760967081656
92 252.8135698882373 385.3307949351251
93 467.9886064933442 186.95685956090477
94 381.27479523233495 66.43975815620753
95 284.51059833490797 489.83430328560223
96 162.0960522054691 174.35952516535602
97 92.18502345796043 424.3148290195662
98 237.5820181962276 491.3709536463899
99 211.1735488819755 458.37897834855517
100 21.23715614660469 382.52513991750646
101 241.7844443002979 325.1374554203354
102 311.68157589178406 323.9522551101609
103 474.4533210189322 467.85938388016456
104 193.7944499051449 274.4527180336729
105 433.09399008963516 158.45685428815514
106 409.0081591782052 426.82731320002284
107 269.9131259172356 108.02558071547365
108 147.11879074584579 290.353282729896
109 37.05293046156883 107.94474549147951
110 225.32732397797662 271.9196126169012
111 96.10267104105596 45.59875129510666
112 171.48059676987373 369.59760041532655
113 24.603080435129034 399.9991346947138
114 17.642256190451903 342.84169827186554
115 393.1567434094184 127.4574894564339
116 459.19160242067346 209.09068432564675
117 154.653234207197 184.98799029841084
118 68.62126826671543 179.2710240922101
119 204.41942970670053 230.30315579144823
120 442.0852638779863 174.59137829132783
121 295.8134387832955 434.10699135603636
122 402.53444461998623 363.0619463025555
123 105.89490767966873 163.8867818621033
124 408.9691764563494 205.37164418857486
125 169.3249121701927 207.55840889152165
126 331.937623482257 338.1134147399309
127 246.5754091789343 70.12915736531906
128 34.91268881921611 189.85997691917302
129 442.8613007399044 324.0081401153021
130 44.592091321279185 113.26177578401347
131 499.94727061930814 380.71651261632826
132 102.4832067709605 405.163611527234
133 214.12722606742875 29.52781238616669
134 52.35814383392133 495.71845322771304
135 333.2258242593098 20.00346403723661
136 293.2941736026383 237.61395003179953
137 76.42964787846037 445.47923397573646
138 461.05094562112413 134.82179748883001
139 134.11978851518992 182.30554170094985
140 81.47827574488055 39.729734471886815
141 43.64808672793867 143.04792557859537
142 141.49680896581168 306.1227687039725
143 349.1761906652886 95.91317191808672
144 366.94893909135243 82.24265876753573
145 274.2793338296811 381.3830581505216
146 15.278290224315088 435.0739718026521
147 424.00633458319305 369.4091390305037
148 104.56360128955657 204.07968833432295
149 134.4824340988368 96.55057207799331
150 264.90639969148765 49.84149633651546
151 161.94376100247678 82.12170921654175
152 346.5518290951544 381.44681364956824
153 283.2998124555662 432.75664275355916
154 441.40803602902173 433.00923966948824
155 230.9349555796429 458.7952799637639
156 184.82180714673612 57.40878666326634
157 63.480213736717374 155.54859230870295
158 44.5671986762665 369.1950879162307
159 176.71349469892985 37.81061483384586
160 267.00817393868937 210.60916684869542
161 141.57934492760737 485.9500355719653
162 282.3079586871258 49.84853245067802
163 441.5585821208721 435.53685192384233
164 126.37480227117376 243.02542362100053
165 426.26386393149306 444.73758023566296
166 325.9577227486311 267.74939872407396
167 484.18854323782267 351.6470507619648
168 239.9355783424114 428.9035450991534
169 452.99472676929025 494.31590289363623
170 40.37892386714469 190.97693300033518
171 251.5902860294441 174.47957429157717
172 315.4065789270323 251.26667224239327
173 29.515332126376062 326.89834549454446
174 251.2074383151131 137.3690767905295
175 354.83527681767083 91.77714160362149
176 462.8528463825794 111.6422493966992
177 65.82062818140923 319.9499695881074
178 253.6861198834456 364.7412380509003
179 434.18305111237123 288.3856800978423
180 8.143149729690867 496.90234092832975
181 130.53261690126297 273.1002241070338
182 408.8315382662092 43.38422095288145
183 334.0228263109173 414.7450404302135
184 353.57586809146756 327.3615713853128
185 422.8583348839653 187.98213046736817
186 262.92239101027195 201.6107614009471
187 316.45413575888625 144.2534229713719
188 380.28943326317545 343.52715595961735
189 443.55583925226205 462.70512206629326