0 260.57246285185664 229.17565723957605
1 249.709826159144 143.51512784491908
2 273.3351361287655 347.1037704424678
3 148.41245249446908 127.20733576044054
4 311.0033904884091 253.96398807821225
5 333.1029938207125 485.3871741727329
6 86.9777759803208 386.1956820848087
7 302.2185249903717 8.341447419365302
8 199.0881103782069 246.33787197836622
9 377.3052502171128 14.236815719602031
10 216.41305785087786 301.6244497696464
11 451.42000230314704 332.51961878859635
12 402.6311771934313 387.98346870214795
13 230.99927261958416 444.4565635975103
14 280.9839449768323 314.9057372807618
15 88.71246232358662 145.31560878047497
16 421.1548243420349 237.62983024154912
17 48.36741616485372 62.12062180678111
18 90.49841227615978 19.227978650208218
19 231.8946165589565 330.00456851134174
20 376.0897211163113 230.47164023661597
21 274.8005874259862 227.93267707031532
22 411.00624884962616 104.80520610753933
23 305.2514952113618 75.97067818720323
24 101.1037492618319 240.36336146410576
25 39.124817693036285 203.33262084777755
26 55.3019157105721 20.72976412007346
27 418.9497719829799 349.1585032138639
28 437.0570780295979 248.05409299557678
29 451.64670556436613 404.34435460654527
30 87.26639159440238 186.21932030581257
31 77.37089522218767 463.77521034330147
32 48.32177384773394 267.9828734881735
33 394.5681761641295 244.99661479363547
34 2.411598527675998 455.40276503857166
35 3.55771628743043 31.700540173532943
36 240.45429459764662 318.40384792202553
37 71.57148395862632 404.39894992171804
38 431.2405154467492 192.0395561038313
39 365.2005691639049 154.3117029429376
40 324.4590262434182 342.86086627418103
41 153.62523870096854 438.8046779639454
42 484.2863139867453 425.81697704441893
43 335.8384810116796 351.680134996434
44 266.13133497980624 116.28105462344196
45 14.312280692757023 320.243228960792
46 26.94378523866314 170.1198244943831
47 42.20126237957921 374.34712982209965
48 430.21825158746975 296.2068263920201
49 176.229979591461 79.55339868162228
50 263.456358000729 148.41723576832234
51 61.868384460648336 136.1354938018616
52 378.38507825649094 393.93597500238286
53 187.26404051132235 373.9000638210738
54 142.67195865809921 247.6608771180048
55 273.67030627048155 149.7041472563249
56 308.2263742462311 86.58930445698617
57 304.78635805180704 411.10595549505194
58 251.43106920813307 188.33931963850594
59 489.5080658057125 462.80269774691726
60 328.8093008250983 396.37527114592376
61 461.07779670067765 309.3808586121199
62 435.7000879884464 0.08300614000469253
63 411.51695857180783 226.4331264471293
64 408.48797222805007 386.57135841479214
65 128.526673408385 66.27998692745513
66 59.8135175983074 22.964251495154762
67 90.75002421893598 151.37554362395215
68 448.9767221533311 178.99150415542573
69 323.40372746233135 461.97380803663566
70 420.4381032342888 279.8870493195177
71 184.80719826972432 214.78497860246986
72 64.920861614193 180.95923949520503
73 94.26434225947938 325.1611838313932
74 440.12217344065215 192.71095952163552
75 435.0857638246355 133.8163804864208
76 278.45307282977274 62.056019355450644
77 6.27879290763757 246.20791030481288
78 437.543608847392 241.0037040033352
79 420.57810580566934 228.48474648205374
80 445.4736752914547 144.16433203252979
81 208.04134024500965 402.3427349943456
82 339.8196125088562 273.5671593810803
83 257.39235409849124 421.217475710535
84 388.64320357542294 478.5750200465562
85 331.6588742862608 324.99277544225595
86 370.49155437349305 330.1309820711691
87 40.4217576458348 255.80593627830774
88 302.32543971920825 23.17842554049651
89 85.17003593417509 47.59051028039263
90 348.0482762638733 436.85861806619135
91 455.8386558078444 438.7133098959933
92 137.9692090870042 462.0089455169396
93 22.59539678470755 193.43420286231037
94 368.10099925160654 473.5601529772524
95 104.33864641405114 17.94571301345738
96 303.6672729113415 296.6622555849588
97 98.16965945917251 191.4340074371886
98 256.57324593548503 333.75655683411134
99 230.3109623995398 473.94364756340883
100 125.88057044478296 34.35518690759747
101 249.55655907537587 445.8255394010162
102 316.5189456366617 222.98979788144737
103 122.36060792436933 66.20082880678494
104 165.5660431252235 344.64729479069626
105 366.0972677835755 383.18314842126694
106 4.432071562600836 64.02345078547638
107 142.85823973961928 481.567342588287
108 77.19640193794366 232.09403268151533
109 129.39308376308037 457.3148290129092
110 315.16112353050124 108.8282249635003
111 411.44337082830924 360.44431014125195
112 357.4100666452596 393.3508425079544
113 340.7732103381145 285.8707871302636
114 248.79158507021887 473.4970571143165