0 82.68027066699429 294.8941915405737
1 4.204071725224293 417.3315934564137
2 249.76937326350944 388.6558451331782
3 102.080343545388 469.43261090164725
4 125.30841254623036 394.7125776443598
5 240.52120099569572 494.07013221792766
6 213.85355357222636 477.5234921971586
7 56.54335477556896 110.29555026240834
8 309.52151458994183 386.6872616451251
9 225.6785400729892 483.3110586599845
10 77.99847794092447 259.97384768258325
11 359.30458363053384 232.21336460809115
12 57.57576434423538 401.9386642460974
13 285.4240271384771 245.5670626999965
14 136.95353208886326 69.20248602935382
15 375.5129028568669 331.6821122332791
16 458.7928514269236 480.10226366589126
17 345.87930281266 60.79545522240265
18 445.6419563765847 424.6963971220126
19 369.69545967149327 261.83805168261904
20 318.9144554491334 113.04265439748254
21 359.4964782476166 36.10620938308164
22 10.055028030231018 65.257557393354
23 474.47537597811544 350.9503234028668
24 320.8925774564332 122.11335520236146
25 216.3462378489135 160.544038486469
26 497.4512534791747 402.83189816313325
27 452.89605166375276 258.9035242075179
28 128.1665242808442 295.29425425844704
29 285.60054355841584 476.58900893640987
30 361.5363624678095 367.10086988113517
31 459.8406411920177 111.93997634025096
32 440.7272749411753 363.7889694517678
33 350.3233438744785 462.27026328296625
34 473.54974815908497 305.04248925999855
35 127.28474552693197 66.18107672280298
36 95.52010940512373 499.91393334293286
37 334.93239403310116 350.0374003918418
38 391.4333800533078 157.919004510463
39 437.37075895798637 86.69730794179279
40 471.986135532058 148.3613053595758
41 337.9456390521585 219.7839720436754
42 95.5087704831969 309.39813658651195
43 447.54208083358577 351.1463749476699
44 29.793605708149247 140.1678380287713
45 112.87532205340105 343.6677139119435
46 100.33780127700518 96.76495326552026
47 95.22539661090843 307.2491348733461
48 7.059819500624697 137.97154970696857
49 269.38313891840824 373.62195902850084
50 492.69330116818685 124.43143475488229
51 394.79957044325914 49.62266823071895
52 348.61423881820645 119.38842393996158
53 77.0597472700831 97.70284795275668
54 71.81506482845593 115.200761521044
55 480.8390737573794 291.74019995279434
56 129.1038396017039 201.59096924673753
57 406.44182018993956 107.66677255529449
58 400.37705852582104 191.99325985196637
59 94.87057042935263 340.0372745307309
60 327.9912332133003 249.42090798535426
61 427.13013556707443 344.4226937611194
62 160.84175337808068 80.99116649487269
63 206.13063153719918 115.43379292950888
64 425.7464882299803 333.61774224164776
65 355.1216339299544 124.25377389608049
66 407.1271706955065 371.4091516130496
67 93.06316670413086 368.7913864536243
68 455.78346576520414 224.99552139003413
69 121.71911109573205 367.95288559409454
70 344.762561719494 72.34775020533102
71 359.54458607070995 372.07570165184126
72 231.94126681033816 243.64956299994716
73 494.631541944816 363.2665312272409
74 471.9584145003942 363.4364956551408
75 443.0751268675057 7.24311995803643
76 121.56173536587734 396.52544800443593
77 281.1284739582146 53.29176094553904
78 480.266699023083 12.224125784434563
79 339.4246012546511 274.12140776960945
80 344.46384355116294 372.93201567527734
81 402.3616398677556 431.7204627806215
82 480.7569126775498 120.52251696800481
83 361.4708239610714 371.80387665160504
84 412.3654508009856 86.83066812290431
85 202.21727658233226 262.0757286150809
86 218.88396036351287 416.161735347194
87 390.218965191564 154.32655310076464
88 448.5536254136412 78.98280318402779
89 36.31219149079181 489.3347478592619
90 84.473427593602 493.86298387892793
91 201.24024784235982 353.6479263594275
92 240.85393470579007 215.28750251094985
93 263.9970073135056 282.5827646639375
94 333.50023235848255 496.1865169761406
95 70.01807398548755 102.20074011883278
96 22.199761392756024 252.89163340486533
97 418.4798319039834 335.59257663982675
98 73.58618052379542 359.76174567166635
99 483.9400332572386 430.53538540352014
100 84.35223535391938 459.90397235616837
101 451.4336684576041 119.47429381669605
102 195.3925486336995 384.2562877786964
103 414.9239863605398 496.8245209842369
104 463.5717077559085 98.79602021956053
105 61.700719210304825 455.78960811580765
106 28.333118106886236 495.79111505779923
107 244.91649341222922 484.24830317222944
108 58.29143508080341 225.82088928978374
109 258.9570361957113 358.77534059408924
110 169.2837063122951 210.75896619783828
111 30.751985645789567 177.5298177476578
112 175.094336575461 350.0327866288807
113 416.4506982727384 266.57073696549935
114 10.213838742112213 429.25281554492193
115 453.1107374343046 391.14024891738757
116 89.54355612577032 163.73882105570738
117 224.17681494976887 359.59291658209787
118 158.91637260660391 296.56156265397897
119 392.5641976520513 17.943426580530396
120 389.66759875342484 146.46534086562573
121 47.10259967403182 324.4552104048991
122 32.260928834598666 31.439990156213984
123 230.94572614127057 129.29896951401062
124 436.15093324687854 480.7707349918492
125 332.3059288272577 33.072722224938744
126 64.64674496890268 204.1099273198427
127 61.53518605304284 129.89398303950557
128 446.53064821977017 348.4867889614026
129 333.14046112289196 230.84986732833727
130 63.580944051874496 96.19977504684753
131 152.7954938199257 153.82245039647847
132 298.9501688234486 302.22052462442747
133 50.790789637056626 449.0941295472702
134 399.5577685338492 405.07928115752145
135 113.64965591683789 466.6821084093108
136 302.270572881253 11.198768052170363
137 400.8308019525455 500.0508543472206
138 317.66482282526914 149.2967553002089
139 347.5362784528789 286.7082340943021
140 286.59056966229326 338.78719914356543
141 244.6485750711486 14.203434607392927
142 308.59183246506234 302.0755787433432
143 489.73210487975575 66.21386776994073
144 6.47560167482748 297.2661310684869
145 72.85102163374178 123.73345665102475
146 70.96790006952953 252.07719465444896
147 168.67970597091826 377.8560299621451
148 467.44716629164765 91.69497092285171
149 209.01164023262132 499.2853983451498
150 255.20300119695744 369.88755730365796
151 42.30858993602648 194.4974987280277
152 400.5328735786849 46.94735216452672
153 64.37466474307952 102.43030124965568
154 272.25940540568985 35.93399809921235
155 183.58812184945413 482.6835591129877
156 270.92822888976065 367.2490432475958
157 89.37881241632502 121.47307209178415
158 107.02886642487643 149.78967726229007
159 28.80044933537526 117.00342201061541
160 280.0707349862508 289.8006864805376
161 177.11391446252034 168.49783181317622
162 173.24150187830784 228.07251559203036
163 219.27176769702436 305.85570547650923
164 488.67730597733345 329.31722889771083
165 423.0738565632345 483.7959040090157
166 386.08179214631906 363.39576392987146
167 279.5501102344553 277.38756751600323
168 291.5455467794355 413.56627460852053
169 250.81891520681677 474.0710140487487
170 254.93790622721625 406.0771085068203
171 228.26813504980066 165.6270065773562
172 111.16985679588105 362.23731373218277
173 54.41088369132141 68.06609286266635
174 420.95978045046957 378.563466050024
175 315.1789037145725 108.07791503765702
176 286.4730570922521 268.72379235785974
177 114.73427898923738 478.50638732976006
178 177.3519675333414 245.77845268530433
179 217.10329107134697 222.2973085944769