0 75.83490246718584 160.57317726276085
1 229.9200275158443 463.01546948532547
2 440.05885321852287 26.085226169092817
3 293.7531081375473 237.40561742664784
4 390.717631970971 288.45316616061183
5 443.93120258316185 351.2789496876802
6 43.275790636874085 428.0830228799932
7 13.753632983666268 387.2289700071233
8 490.8146991160824 108.51063057205808
9 496.50728081827697 136.37710053756413
10 199.59562537683001 371.3818434502775
11 394.6636641044891 453.04758193447964
12 275.56307179004966 190.28391937486617
13 115.46584276199388 290.31543477948685
14 53.67308847530864 344.08450654187783
15 406.2180201117774 421.29737422784063
16 143.01413881485507 303.6503704997174
17 109.7519861393376 33.474237729820956
18 1.177705509814952 179.69034666439336
19 406.6115655995743 435.90910469069576
20 48.23072688946265 56.99482798249019
21 189.47041717751475 321.9561175471348
22 75.94443454360741 395.52927979264814
23 446.17785559809397 123.94343743796645
24 409.6415072941287 12.679641807107798
25 262.6139868584441 224.35712672250597
26 319.13825357673386 48.444613156739116
27 68.22732702653792 392.25312045427523
28 152.77855975452638 150.52342199665938
29 278.7272628525671 122.98118005485715
30 486.4835740836394 65.05681560435225
31 250.90814730116077 150.8168368737836
32 332.0737208859332 190.24529022766836
33 327.993139973961 249.76701845188956
34 81.85909032707512 87.19015325126465
35 243.20327258470215 82.63935726219046
36 353.6397272436702 397.08189669247423
37 324.4809343265701 226.44758939854955
38 331.8090418130161 44.29427617388056
39 209.42663546372165 154.36234582502908
40 500.2117318744107 117.03406119956978
41 230.5442140752171 393.7110374424921
42 321.7715396364658 254.94271685083282
43 180.83208546203082 231.98057100330158
44 35.67513347247039 431.4502278493015
45 401.6065469866067 328.3831120818799
46 181.07475864403315 497.7404719605376
47 467.19821494298895 265.30781738947564
48 331.8554202161461 411.90358107655186
49 252.8237050950329 92.90033198187686
50 281.0018589293918 120.22255731965642
51 289.50225707817407 137.08720089925228
52 40.495709829094075 128.5700683889254
53 87.36018935502545 367.5935673282811
54 64.47524821772132 377.5755993198693
55 37.04654304557959 399.8904043638405
56 19.59805748316157 143.56413653190603
57 29.268827401878177 246.5514800286588
58 251.16120169761626 298.2645952760688
59 152.6506566092155 239.20021072969055
60 277.554000321434 371.939437607732
61 149.2113408769629 120.0834051818664
62 263.04534260707726 43.89671567359465
63 295.77256794251747 148.32109365858008
64 381.7402721064974 316.311285750269
65 485.5084002760943 158.05119191388042
66 375.7800710541476 304.9043068568055
67 53.67212747559953 393.0122315167814
68 374.5054889866169 301.30819180470354
69 289.25732880245454 63.58953847519123
70 190.35441824962209 426.8790529996459
71 90.98010084474943 496.9874619180473
72 366.7235196531206 453.3091782267805
73 456.5058201399651 380.9843135684942
74 174.88735764127904 91.63937751294837
75 248.28605480212627 94.67695714338102
76 110.33932968346488 308.1742501760368
77 209.7198428268379 255.72847718949225
78 125.59518823847529 484.363068858314
79 243.6084506028805 119.89474566453545
80 477.5831514546839 50.924713819533835
81 258.0341073434155 197.02506682035772
82 44.23385364321405 1.367184794125337
83 238.86004942690764 418.3069608782115
84 382.7786611722144 7.580646898462335
85 242.02341417092686 482.2567465437001
86 36.56698004986669 219.36729841109366
87 161.67210953290493 16.845207302502416
88 342.9209808041299 144.61243280583554
89 437.9829341868132 497.1916051482994
90 470.6603362217996 397.2980168024448
91 305.19057302046383 396.45956326668886
92 451.45039923200557 454.7133310137058
93 286.9560196088138 422.94454775207555
94 252.0536144220538 490.0269738375597
95 342.70740461489333 215.8557783192717
96 203.89734298740052 226.85026758820365
97 466.997630448136 292.9638811605138
98 216.11018678069925 213.5441047037228
99 31.240664822817525 119.11119558356916
100 224.32465885851863 335.7997477087596
101 322.4116350044796 85.5627473035091
102 226.0957398087499 363.4584596759083
103 494.4262148486394 313.3139460875427
104 54.742772330701015 286.6259731458021
105 123.9503941116947 133.76468768587466
106 233.78649006689375 188.88442077037197
107 90.33467668006443 280.6199042370295
108 322.92360870649196 411.8082121901876
109 224.21483914121373 257.4831163749267
110 153.65776051847624 280.04942569960104
111 37.076721171598 94.37197758823106
112 194.28909842805098 204.97440420465102
113 319.7433228261039 156.30408524439488
114 39.95373628995638 12.205245688692573
115 24.310035044123975 429.176223821377
116 176.7998884230503 433.4480873506845
117 152.52750143851407 219.39187636991286
118 177.18922789390683 256.6748058557471
119 236.01122999926537 484.0793792696366
120 433.0202041772801 264.0655831354987
121 102.943620701883 30.287085250903736
122 318.88401800961947 151.1165685871607
123 283.12602620292944 177.24225084504675
124 409.7845926045857 300.97066444388815