0 109.75242964560003 350.0803418643813
1 388.9371323021063 445.41323649286255
2 453.26526654877256 433.85523503034875
3 312.5929759863652 370.13476548213595
4 205.5756175548112 426.17789490414043
5 385.4854760782188 32.79017072284699
6 245.8413157764538 184.77542449464158
7 105.16026845098644 448.48010874618257
8 301.96369939323773 159.37524687060056
9 373.85967634679554 33.98480292369928
10 441.9174582202534 194.20456151198147
11 116.55640685309037 11.999032137778844
12 205.03125666772084 357.2369821515656
13 414.12530659353257 163.35453021346484
14 467.50900229128706 473.8964116500859
15 390.10577975270945 275.26249922548794
16 392.7835953738172 386.1128095424112
17 316.3872376965401 116.49696782377188
18 26.002712199533814 300.4655401909415
19 153.93620192190343 82.48333862242906
20 117.0607029790526 452.64657305858935
21 227.3758609586703 203.45702518888857
22 229.1110915739509 196.62971078667618
23 297.8279576676336 43.21304136210345
24 41.420836457036806 28.741177594326118
25 38.931019620280765 102.48074440894537
26 473.7606224355468 448.29281803280236
27 281.3610310523909 186.62620768337976
28 383.26476912914734 500.56140133276483
29 391.4970520289165 339.21034919635196
30 131.8396336029219 292.67554702897985
31 325.0987367524564 310.91229010211777
32 182.75133773180983 207.40663586851335
33 154.99207528593632 199.46495428080826
34 216.9816611132014 33.950730899365965
35 322.79602688390304 305.5440426178669
36 440.30500764858994 221.53561180088852
37 424.6649983996049 438.0016857339501
38 317.8100605909109 452.09045376580855
39 63.87092269889427 354.4423490623066
40 462.76643740454415 267.27508730222087
41 144.8033153771202 232.90157633598994
42 240.31960350178798 7.881836551280183
43 470.6271038542294 51.30679191223249
44 430.48662225063197 374.99459847966256
45 161.40511875946476 4.47474381723417
46 396.3209030771195 492.3187360111129
47 168.96610042195144 92.63164577197776
48 276.9155344790423 443.7792527676024
49 65.17857440133493 299.82956324174035
50 110.12342797478559 330.8261711889831
51 373.5773928340511 319.1768098904507
52 127.48595601220363 31.882600712536426
53 367.48209269929004 95.50015099621162
54 154.88293079889513 469.02464423861016
55 131.84452525166324 25.9130093072938
56 154.84332012232585 318.2916681715014
57 132.06860504371332 500.77681566027695
58 424.2888741053718 296.99136017790437
59 167.95572045509175 72.7111485346918
60 337.7224108666216 283.9860909673969
61 350.7469903279422 430.634058245858
62 303.51796843642416 272.225329612223
63 126.95710547780045 441.29498686147775
64 235.0215168633418 328.72349001341763
65 430.3242506599459 0.40045979879574933
66 410.6293266236991 471.7734672429573
67 195.7370174170016 35.22696319494958
68 13.875026105185205 111.43299535525412
69 333.44137286042024 465.565162030888
70 496.827098809415 461.22459927603177
71 167.17939039449405 133.94647763845998
72 87.77513682277656 72.54905341054086
73 500.1664935563834 176.36543201788533
74 443.2664395701739 482.52858586506073
75 160.97486853920373 11.13031960877933
76 353.04346579402346 189.86757889658693
77 319.45838284170196 170.04980386536698
78 395.3284886884466 79.84741571262936
79 325.8275825084842 406.8946654062613
80 137.2033373615334 165.7562311154856
81 52.86365154739772 82.96134436915875
82 208.54018336176347 427.8953408530329
83 480.04605898080814 107.60823425780754
84 98.0536129414582 358.80124562898345
85 216.06099197969726 259.83556170139855
86 8.56472897149652 219.47525588484345
87 271.7565925746992 70.33616385707323
88 423.4947061745353 393.2225151391663
89 64.11557721310771 10.957567605507933
90 285.93840808985465 144.16802013528854
91 64.22711289585385 95.18400405212584
92 328.40768456284366 19.639055720812472
93 458.5571490281913 129.07292627813467
94 71.47966309646357 53.38216218748906
95 372.04013372642174 228.06152781641043
96 463.1371587341553 413.01700388311747
97 487.6448113318386 368.19672203376587
98 380.5460089027017 86.22057939949863
99 304.10288798047213 163.63579174790206
100 454.37882658273355 210.88198572011072
101 382.43201808956263 246.71546183438068
102 199.5648119391689 121.8716233205618
103 103.73285843278488 63.492977258959776
104 457.5223249028267 259.12802975665534
105 350.49490325354407 139.426288788728
106 469.5135404300894 65.48138893428056
107 476.30725204115913 317.7785678822109
108 193.75031922030468 96.00502525720837
109 104.43728867357366 249.40804431604008
110 83.27529441283312 92.71424402372352
111 37.21443003411153 408.8354199841663
112 92.44449563690792 392.11666244155765
113 480.53564812055373 185.86866627699038
114 103.04547061999541 103.45880852595975
115 354.0957034727438 166.60921138981936
116 266.6992846085536 138.51106914094308
117 151.13737460792723 496.3635615507097
118 465.21526243273325 265.38615514644846
119 126.6157789487367 317.84079908074216
120 188.99409618713608 45.19595715832904
121 98.67540890898357 112.02936943859277
122 118.40783882457657 144.3174896263988
123 252.2500662919826 358.31504885749115
124 55.324855587115145 190.66053392638563
125 87.41284148001257 322.72774317548664
126 142.59289877167078 55.60822004494298
127 68.82726359574573 419.6856569306124
128 442.34561487359093 128.23598899420392
129 51.28046729969803 473.2435845926968
130 3.45553836719134 380.00546824848874
131 259.81527092500306 400.6455076673545
132 494.32099603848815 261.37678480711793
133 403.42073039589985 255.9323704116261
134 267.4449516770655 223.68607836598866
135 478.58896373082337 278.4620240017843
136 11.940237528809407 419.1946546291799
137 408.301362318673 53.46101641070414
138 178.1790929445268 434.4320971149341
139 414.1680079823672 131.14718538134454