0 291.39627387630395 469.18284121654256
1 188.083817754808 297.6492533831615
2 199.43037090643017 146.22057744160037
3 82.07735288330936 289.01332667192435
4 319.31414608900525 324.21708064269626
5 382.63351366552035 206.23005653395842
6 302.67545068460475 238.70799734066554
7 19.27392673972738 486.35649125260636
8 449.5410692942285 164.40631252854755
9 113.32897889965679 375.117777118965
10 475.89673759040704 359.88947637079656
11 269.15203508158726 89.3323537294046
12 469.7359066356139 194.1954251057899
13 195.35461757455136 127.18244447926804
14 22.842564136511943 314.3206938275165
15 152.25153113747615 170.677129968606
16 230.9171468745961 180.3610388308596
17 305.64690536061494 209.10567868772816
18 307.4255539868676 333.43841545338114
19 280.9413227430134 449.8847883399886
20 64.72763883932475 244.61728618221247
21 63.29465261680909 305.9668064605738
22 337.6248110376382 163.72969815805502
23 376.2405372424297 236.8941107713168
24 188.45557153720787 408.4000622655446
25 303.7158559232351 447.6607809405398
26 395.26328372651915 117.58926020551117
27 214.9419482402884 481.7735949521963
28 211.36228909073418 81.66198129044133
29 430.97460277754567 15.292444912732337
30 358.8363612558757 331.3223685799929
31 155.02559612129576 200.17383896565636
32 482.1179645205405 315.75975326458655
33 382.8511004177214 204.9418356558882
34 32.817155577500536 110.99988042249406
35 317.60109603364634 208.56672301100386
36 128.39564314782123 242.7663018220567
37 337.5282898051768 400.44474624175234
38 405.11467140133755 374.1228163785833
39 133.86689000230626 174.54112281483975
40 291.92469830375165 290.7894831087259
41 434.0082463766713 74.08346171695415
42 370.6101426371464 296.3033379120035
43 90.82459718826186 162.67467469453044
44 145.55430343654328 341.1295064095943
45 398.6216307637215 424.3317692651403
46 116.9477935225661 439.41904729774376
47 119.73691679540202 446.7508677438965
48 458.1277057446827 156.35705455247873
49 97.24356652681145 85.04926156774624
50 450.00547828537617 213.94793401066298
51 218.56721151187602 498.3414347670572
52 39.21823764091006 14.644163712729002
53 154.07906252620512 407.7689914010156
54 487.72112537947373 198.44077050839223
55 6.889192392927136 191.02309719848193
56 80.02769066763076 111.92989424807554
57 400.13142789873126 372.9733511107561
58 284.20073502889454 425.33797130710474
59 49.00485920122993 372.74859457503777
60 469.9978351259411 424.75275886975004
61 51.71690551183269 389.502514958005
62 41.28373293894813 396.58817001052597
63 391.2590611206181 84.14125163334968
64 349.93603478741755 346.83206295943455
65 137.63869190868402 298.49006788345616
66 214.99137291768122 204.7752855626152
67 401.78894757419926 350.7327859010693
68 257.70547492624746 42.73004495062198
69 301.88384210575265 69.47034905360562
70 436.5341741710432 256.7112838586601
71 118.19652102036527 53.413776828709395
72 341.7810986177458 76.17699024764653
73 269.9561488690502 278.5519806940904
74 302.80385831777375 227.7016038204821
75 427.88268463814535 67.61641347759873
76 265.2216612913506 3.891217799191572
77 360.2083641845176 84.80214416784762
78 206.52591746428018 3.94024876974588
79 32.0310303700787 423.9989679398005
80 34.85912166458965 257.9760642739016
81 55.787035453094084 65.23621191497983
82 0.4983119801941295 485.74166524744663
83 295.479495209449 418.65163016925396
84 113.75567079662615 242.2258582734261
85 291.0532532038368 360.0570993766873
86 429.5922314796072 245.56633172601033
87 151.96847087948052 203.0931103398327
88 302.22964351706236 221.92293860844728
89 201.5925268645284 236.03903883867522
90 365.4406752077958 192.04713830192995
91 433.50333428347903 4.5776630732832855
92 4.000714752612271 182.95766801286956
93 254.17714883973355 291.2002027729912
94 37.99060243413287 460.4736851161228
95 43.8199652098118 266.48193591999706
96 114.25544210301909 484.3536493640974
97 251.294289564928 132.15874050228908
98 42.34444264566326 428.4412931688831
99 88.19120000700765 111.79133749572829