0 247.1409132105437 250.08693721121253
1 171.44920335341763 139.32716667130617
2 323.24594305844494 282.88355377350587
3 0.346989425440169 13.957873130428759
4 344.9853399822715 182.68117639020568
5 108.15590961488508 366.31392885279035
6 317.92111304750335 327.1908120332127
7 497.2117675786026 120.92943707503876
8 196.81994481431386 465.30737151988274
9 244.42776417757113 146.27049161382632
10 373.82447597733125 441.8261760904286
11 114.68920379557696 387.85998368966807
12 297.0408897475564 425.9111253104487
13 302.3415409347953 292.5675954878494
14 43.27336090181672 224.76962626279234
15 118.96188435881814 227.01479184447555
16 416.2811101184744 462.2679904798405
17 332.3272793458028 227.52613701689376
18 304.98589550580397 93.1554017271363
19 384.123241095575 337.69593131770927
20 103.51536166997428 478.15531942423013
21 429.4718822002098 445.4331914939402
22 393.83232001408265 432.4303017131324
23 426.80169162559173 471.29784413735416
24 450.9703710940718 481.8297910791926
25 491.9294023155897 457.0481636805242
26 348.572883089186 262.8895156012138
27 319.47925798925957 68.58131541962045
28 31.515754754061703 342.76735824641065
29 226.92642414423995 264.8684352878899
30 245.88316083766074 498.1724689482673
31 247.61818628040945 362.0606998802812
32 87.46143938954454 336.87274126673134
33 236.10072416708203 16.67411130628085
34 240.21761204891786 462.5502934041104
35 105.95873343118059 148.64870468462362
36 106.93746978368024 227.61552859742193
37 127.16151526672945 125.12152885718191
38 143.31202788202387 6.0872470343928144
39 153.60148326529705 107.95333725290051
40 119.28190360136344 266.7998496665816
41 245.10961200005346 258.40482083561096
42 408.375842166918 143.00793564109287
43 365.737376630892 105.87156131520466
44 114.11261492109618 108.92472162270634
45 214.50567638538598 241.2552390774242
46 497.27487468237456 273.8525085538705
47 253.13880653098906 100.3741690486487
48 140.0088074532577 275.34201668865893
49 134.5249968396581 18.797704757554467
50 253.2555221028268 197.25169068167298
51 43.77508624322863 361.62639392706814
52 254.97790592516915 408.6691629362644
53 373.7869113549806 470.034182504662
54 7.010890588814531 212.4039101508933
55 238.1654435116835 350.838843038208
56 127.13380206447515 206.1636110438234
57 45.19727155885275 469.9732600850758
58 279.1399705662103 253.5862900009561
59 182.3329869137635 236.49319511105088
60 213.26203780820052 28.01595962105062
61 378.2921446005462 253.67560106358226
62 63.300373798173545 125.28176699637152
63 435.4727788213485 133.83729899936117
64 55.19783124692588 305.7689545680349
65 293.82115324058975 218.73482026727865
66 314.6055429252025 25.754206810136
67 307.69741253351845 294.79415245877095
68 381.19268097381763 3.3193259748054946
69 167.55858762930865 459.9631471080369
70 355.0672111363541 171.1536479915895
71 104.47331385306052 89.67919812821525
72 293.69532370202484 19.209413003496376
73 336.5806704876384 443.3016244250619
74 83.13383177721661 461.48362982664844
75 204.611011641746 260.37069650860815
76 489.22288906966395 9.165730629480546
77 64.49722489113464 355.2241743084217
78 458.625833945263 253.01273277078278
79 245.92277306537662 23.827489669119277
80 34.24793317738224 279.09143241620586
81 302.3760554483226 278.15519271199406
82 370.61841267994913 430.96225296798866
83 314.9107995379639 269.0987698970471
84 398.2771761140157 483.96972241609967
85 180.34824354867544 481.6701872210089
86 145.07272099640502 81.55206861404866
87 150.09921110270068 168.22042458076868
88 9.547800454155087 19.385248759834287
89 336.13276825536934 232.4989070164023
90 30.266146240898507 227.73684737452405
91 8.873295214653236 197.64238117197945
92 299.016960544313 107.6205357590598
93 259.9685676650644 166.60061004709118
94 159.32250442225205 164.21443238406005
95 459.9391020859404 143.08167655907621
96 235.5703632942471 190.5344236283025
97 6.692523231936037 365.83094258157087
98 97.39297310880308 108.53861202856108
99 492.76670205047037 324.9454843281141
100 67.62570093606367 404.6795763838752
101 217.95139602516457 434.969863383715
102 214.28845096819535 463.4181670279303
103 474.6305715813106 378.71893995815685
104 41.55668075268838 496.3661502059473
105 33.78632806304049 485.13042736359915
106 234.6142279961863 134.53431416788993
107 78.11006134189758 69.96208328049156
108 32.61347329847922 188.62855217569034
109 113.07776971955177 50.81762578555334
110 462.70762091709037 481.4586081719177
111 465.16358087750086 235.81059774067026
112 137.26530544986292 125.30235554446014
113 71.58956952706038 109.15698216929621
114 282.9295361896016 61.503163502692814
115 99.13947199185272 66.12469192203382
116 397.141075799884 137.66849928219878
117 312.60014336204813 469.06251530059455
118 184.11049938564713 20.585447953873015
119 234.33712702779954 88.68087379175928
120 454.99364781247056 221.37157303741375
121 314.3591495200442 454.36338401499063
122 155.20220669453892 30.439528485301565
123 185.98135022607195 308.0509668608259
124 68.3637094485287 217.56953548763056
125 92.85805325932718 409.15894835148873
126 450.435133587333 367.7558158617153
127 183.72353704473483 107.06307019330933
128 28.868933067227896 329.5215664286721
129 160.65260045075567 175.92164759278506
130 326.5331481441778 305.0814162452468
131 178.032703208081 131.9887405343235
132 154.29418620317708 222.07137445247432
133 437.72577428310575 341.1173066084829
134 499.78586191482924 142.56308031068005
135 128.0897853251553 495.85127393084
136 163.90864273782134 87.73278374224164
137 198.62927332497503 144.3623270089894
138 166.02939332502768 306.86471992233845
139 411.048457612902 280.4992568652196
140 354.6855711949436 174.33470160293862
141 263.39198410862605 100.38738572476001
142 92.83654898900028 86.8415837255681
143 115.77575591819104 437.34020828457227
144 123.35049663622698 404.43258514245133
145 247.93357238986988 474.32710125132695
146 372.4669971567797 203.80322219955562
147 127.43576477193983 287.8786878465287
148 19.43355394691118 338.9432436968128
149 347.97154306891423 403.1051744598109
150 86.37830054518959 12.447001310501799
151 499.5296549368445 495.45341180897395
152 113.75195668469152 363.71021859527445
153 221.6601430199143 75.93467697958184
154 245.3486254093455 293.79448568167703
155 272.255398104014 454.81799451248327
156 116.99811932632909 92.95664031521305
157 186.4491768585857 496.20280368298376
158 472.51179626825507 181.71255120338378
159 5.300367812462726 215.45971877159792
160 295.3593458868974 128.83261425287006
161 50.90121067962233 482.2598929247203
162 61.85562139085167 436.8513576295664
163 404.4301644449777 145.8010091147944
164 351.34493256362714 415.51417327132634