0 370.996879122809 72.49502511848263
1 53.74523269489287 122.16371791121577
2 239.54305469818922 349.2733755794246
3 43.71222203201768 377.73405623980955
4 242.64630959381415 406.3663800264258
5 275.08677174800374 218.35953758317984
6 435.1754287785398 459.2131200350427
7 171.7621158958815 336.4486290711078
8 367.98905086142344 391.43958006210676
9 497.8684378746581 245.9781210306648
10 117.51444239482915 450.5289926066576
11 206.31315794902616 253.82710920923205
12 498.6176813132289 256.56622040820724
13 116.37462071313227 25.36861396455849
14 84.3333865983118 81.18847876638678
15 102.3998136212125 265.40706109484444
16 66.08886502132401 334.45020063336153
17 414.5524403858501 325.0778526310611
18 457.03160203698246 470.04107341412004
19 499.85910923628364 409.51002771402347
20 363.9487676493369 50.18414019863061
21 387.50974781522456 375.8937249616683
22 329.0535186974346 496.58459049928217
23 246.48250405076595 1.0913534777021674
24 179.60531919016034 101.0004220586608
25 190.08364175493674 467.0845223466028
26 438.9300834181415 244.36210255405425
27 241.92014950267372 194.3584578749307
28 48.91084429219848 282.8815047027115
29 112.15546590358178 107.79155535577343
30 55.43084677152625 499.25911782175706
31 61.6380333780213 279.73945715039747
32 371.56820205875 73.92378650398275
33 139.6379751111543 397.7818382723593
34 429.5649977095183 465.2205149446867
35 498.47900119071215 430.0341898981313
36 293.7237134501888 191.59995014347507
37 275.3103914171448 339.01801497909423
38 239.4195541133688 494.1566674562834
39 234.62846230080098 188.82980138094084
40 381.3602906636478 460.3138731415446
41 415.9273188862859 491.75251396665146
42 142.07315815028082 219.05846094622754
43 32.035343801598415 155.51275956320882
44 209.35388611200784 472.89304346160986
45 210.27708493834353 450.1029519618296
46 105.07356139717618 139.59061647964023
47 399.5892975358805 418.4593792790398
48 152.30664924771222 135.91265953769587
49 450.115436077843 284.31586726345995
50 369.2172225049696 305.68282530371454
51 363.60482405567586 435.23698508250027
52 255.5199797752848 319.9962529062653
53 156.15030129701847 190.1757238961779
54 486.61922554412126 390.8883510511116
55 83.4131135851447 173.89757643571795
56 211.72089909274 454.48712104351046
57 179.5034278774269 226.26630126464818
58 21.311848486315764 61.52952608589121
59 159.11245817080797 450.696189238176
60 85.40490237657723 51.13522568425293
61 216.32465885462938 141.04150373690644
62 115.86001609222558 175.89968248634196
63 122.77783724337334 23.815850947635447
64 48.90856010817121 244.69413164466977
65 306.48467553508334 418.91249953865974
66 242.73194053101992 463.0411272147843
67 232.68069128327392 153.9312598394277
68 24.57528901537238 60.57230921105727
69 477.5218959420916 288.808413756993
70 115.41326238913582 477.8685862537444
71 294.3194596849817 413.6931491111444
72 252.6273857883064 280.93365507241646
73 336.26940857106433 86.91741391324794
74 326.50287221352437 233.65772352583167
75 379.31184898657915 214.4654477157623
76 422.60780699978255 350.8913794202494
77 34.83767339108949 460.56537930885224
78 415.2788708237814 44.16823029879327
79 422.4493814304639 102.89711277719147
80 141.50477739107737 444.69020004639145
81 154.87874629261955 43.4390485949798
82 206.47273282340993 234.9210498329301
83 311.46526840923076 11.160950772030851
84 129.92263156594453 396.0209500021187
85 183.30788209871758 371.61081810611546
86 367.240150208327 5.3992441705699
87 205.31617742630849 286.94105970336386
88 155.9121914853297 347.86256577854107
89 387.9082462104862 382.072051813736
90 258.56669142493956 360.1919819717411
91 441.0288214104286 432.50133263082614
92 362.3238197810387 86.49554390781762
93 2.494489220117317 34.7320941038866
94 300.5966295954525 120.35134466552887
95 13.411995004617516 126.41676303226467
96 243.79659685773137 161.58184414342554
97 287.56106013908084 159.08997688079458
98 164.62325070155515 203.48121705502592
99 252.18506505634753 212.7996750782441
100 175.746787930677 3.455360713687694
101 115.59091179088705 281.03572477925167
102 261.7288498672553 424.3281500151451
103 406.3234242145702 466.1029963015497
104 1.9689471846387092 398.0177718334517
105 412.45053747253513 318.4885075470282
106 95.31270040282007 246.89327851690302
107 26.67191859300854 82.83246804574918
108 334.7128587959911 269.88421371658023
109 344.54692897748754 135.82842019960034
110 195.9953343965243 14.335335659817588
111 117.12690398232698 463.7498775802934
112 322.3497105290702 394.67326452569
113 330.6724137479881 90.32924825794032
114 454.63743071438813 310.18379742039735
115 159.9377735972144 456.39939763600415
116 293.9907183125636 233.58580768224869
117 28.713099360974926 318.04884562927407
118 319.46143642837393 235.63207561791694
119 269.92868276307735 405.03896420605327
120 280.6714146026378 260.66731596457873
121 113.64655836694949 138.88451603622386
122 436.51442283397324 21.930073761021735
123 322.691287399191 418.30881942643055
124 66.96503170484031 234.39813701510124
125 255.5047989690292 87.75023085498985
126 427.9602983449129 496.14571345886355
127 51.04930009056492 434.21916157922664
128 39.138181663250116 22.50613131458462
129 360.2281060359115 186.0827345885671
130 152.93968159064408 59.814943895577045
131 221.3455648904033 268.28904769643384
132 217.21202126075826 195.14640375258674
133 237.5856150316749 217.1336955841086
134 397.9858369599092 486.2497711297216
135 116.35257782586551 460.9183974890689
136 494.542398625481 227.8425657048975
137 500.5883414675572 378.7547031267925
138 71.2347258224121 402.5238682431303
139 203.85697881018586 356.3254195181414
140 223.78206173770116 296.83400372256796
141 111.07050979493191 311.63239916523423
142 125.91773617974467 36.40520978226865
143 458.21916963105133 491.6310881005601
144 423.33831708285607 249.72383437148926
145 139.36493047380927 137.18060179191505
146 14.875110382925454 352.7553699041024
147 458.4584456068844 467.92314490887736
148 480.6893867183056 481.5718981466581
149 385.24825047237806 250.54648103647457
150 158.07850302177476 370.164961264246
151 497.6646724004804 133.38131721455926
152 392.172736284433 52.82750559476182
153 181.5817624753212 246.43786432705028
154 483.40097604452876 80.84470848249683
155 57.7872651229935 9.795939312632312
156 165.10871554633255 35.74626990551413
157 298.32362418560507 486.72870604832497
158 256.1225160680146 490.04177133493806
159 149.1021540728187 25.061971429406785
160 157.372698143598 161.1857727000417
161 484.83831857437167 425.04967537101675
162 28.90965342687458 432.5008301714208
163 106.90752783703252 248.48044960875174
164 242.77903600527887 8.924401009495295
165 339.6789862319217 453.8209975654767
166 156.25714474171122 469.7393284758962
167 104.24933298646894 436.94942433521567
168 324.890220408266 77.89800885366262
169 300.2685614584199 136.43443951753247
170 462.63025749449196 249.1566650239739
171 223.72697394719106 335.37638779480136
172 338.11430011157336 201.9988869896511
173 171.15543656583424 341.5416754432479
174 267.7958386227977 380.24659990924715