0 136.98785156106143 33.69136030950495
1 152.30885589434163 283.62985931103896
2 418.35845415191716 230.71644751423133
3 145.65993598858898 1.4768943264160206
4 453.7692446563566 190.56524138166515
5 247.09823613408014 367.69615535079816
6 447.6208373867538 25.87604619855937
7 459.5337135011488 57.55030970016688
8 154.6050509221806 286.8797376451227
9 89.25240588137277 19.0474925168507
10 478.8489648243203 13.790351315076032
11 325.6996047154423 209.71011803170222
12 408.96470192354167 299.0226621983277
13 188.28081931099214 226.36493834165955
14 158.2496093082374 51.92881787922201
15 179.4858054020454 294.30475413980076
16 110.75479469659169 229.97755711519568
17 460.44325205297787 166.8573455731034
18 118.32018520858053 12.68722634525737
19 327.221300018578 97.73758540307668
20 241.96035258882304 1.1675651563192395
21 67.80353697836132 146.55603796704386
22 219.17753155329717 280.82582182170825
23 471.69065189931257 219.5105087953744
24 285.87714338346285 297.6487931405686
25 368.50438283705506 386.596633163826
26 447.56587410506893 324.48529978730653
27 71.80396170362704 175.63946085139028
28 422.4234681495836 391.9226253511494
29 443.5638779721548 229.0699745539643
30 232.65698882053024 445.67529544994005
31 86.40775032311348 382.64883206466396
32 317.26954497203087 118.88652187137038
33 341.7446938027692 457.2742802833076
34 79.00591947632236 418.3798640514226
35 264.4125317790025 258.6018388103048
36 471.7729569938005 273.69283861174847
37 255.29654923947624 27.450529828568435
38 23.275678767651087 370.674508476598
39 296.6629256282354 333.873862958301
40 201.9582702612604 338.5351553980722
41 497.62280514762597 177.333013389207
42 67.59394598440723 374.4992750642547
43 244.22595122939617 357.6258458644453
44 468.0292646756641 84.63176459701813
45 265.1720523746007 445.0972548963389
46 352.65526895807596 341.9824553146618
47 292.02354375661946 40.18465358620152
48 362.1519246015009 197.92572826138374
49 305.1052974316492 315.53717042806306
50 461.9319737542793 449.4593807965352
51 1.9846991500116054 178.78758586358745
52 235.49651672016228 208.27107788397103
53 206.5397325268552 295.5536317717292
54 379.6070173140935 431.58089747387424
55 371.1434260021137 35.397964376101555
56 21.77706965280844 143.12469538811698
57 196.41962311778073 354.28634544817237
58 239.09211716491686 221.1560776775564
59 101.35794516361052 487.54883470435755
60 477.77651201883907 428.01340091827296
61 412.31539299886555 301.4711758782832
62 132.24448672255096 26.623573037826446
63 157.57718442188474 53.421878015311435
64 156.59572746273835 192.2958121878151
65 268.7014139629375 289.8548416706486
66 372.6453050045231 68.2962897830166
67 255.83013221606905 75.61849597766805
68 92.61485423777455 275.9884150944476
69 157.51344194050273 253.74917716722442
70 226.55332766387104 319.77380838433874
71 105.3640716130088 403.330138797167
72 246.40504681917574 324.67545888601285
73 334.03643435336426 227.05678744176973
74 264.39698092964795 225.16712070259914
75 318.60716518926614 103.86488840396486
76 440.07907566089216 25.772223836555934
77 481.4235300783789 102.35029262074897
78 83.91797582202227 492.03029698646264
79 31.88148296565548 324.7373256216639
80 101.81893404293628 135.66109181115303
81 65.39697528353427 22.837150229286582
82 315.3299745980139 167.143368457068
83 429.0420672198899 39.77877173776473
84 281.5688243906699 74.4700684633565
85 216.93177279941403 219.29195654535087
86 409.10546997619196 363.54128045677896
87 439.4678538337433 86.97480265915992
88 2.131734073178213 12.513146383615926
89 490.9728420209733 231.28850308580107
90 365.2542037956263 80.43322056057738
91 65.08024183557629 469.9872119254869
92 177.15799919128824 467.66225126104973
93 6.486463269952894 82.31343321636018
94 159.20629685564 243.90691160328004
95 363.31515692381527 68.56739168603495
96 396.763928250957 73.17005959292318
97 73.39681974203984 91.59354731195326
98 263.6635994959602 157.56238678731583
99 260.2241953314846 12.31813247420195
100 58.769037274963594 316.7133889440572
101 26.20834751250751 138.7188440876323
102 278.03222936306406 236.4699077463219
103 12.130928980057899 73.51091166920034
104 418.7899047920364 124.67666952223679
105 153.36474778459305 324.3933950521582
106 317.2999365682488 474.0963150321012
107 217.5178201713139 104.91571253915666
108 249.67914226523553 364.9449106507945
109 185.64539798353124 85.89582242148549
110 418.4712290885551 249.09457268420448
111 436.0698230327233 136.85041016063767
112 471.0476787685065 390.7258836706682
113 469.1500121477623 466.0817350033424
114 361.9237829011044 194.10088966820067
115 94.05022821453775 387.90660560088793
116 168.85856058669592 436.170871396515
117 47.67215657430058 332.00997824319074
118 426.29934965754654 460.9340118685591
119 472.43468247721205 64.05926194078796
120 117.33073703803029 252.8136198061377
121 32.51268393601316 9.52466100496712
122 213.79236164072174 362.8412279300656
123 186.47907777874397 459.1168182240687
124 481.64091747937994 32.09701752662948
125 222.0335686473461 374.3752296111267
126 322.9496894383891 491.685619177101
127 237.64714818204095 459.7190191958241
128 46.1618924057517 265.5069708231528
129 104.50313577416941 94.70633894916097
130 248.34458410278728 16.21894386232741
131 275.07347292463817 238.33948406076044
132 430.2255715776715 325.08313029968747
133 473.0333790305103 357.9998023673338
134 39.73839734229238 28.834958464196127
135 393.98780982391804 485.9999647031747
136 341.6490686313059 181.3257839752911
137 2.660154857095979 488.80045601984716
138 352.59302566089747 386.4474729662995
139 378.7763565761521 192.6533651247336
140 113.51197685549835 281.76872598757916
141 302.86704144299904 52.80810366921399
142 156.0476682590381 161.3877748646408
143 447.6058678552558 116.44258825701195
144 321.9232813055353 249.73738199230283
145 18.103660883528 122.1674709245707
146 6.7229379300107155 420.46590174014943
147 165.78642360484358 170.29215125893163
148 451.76609299796894 194.06190719220893
149 257.0991898790607 9.038293863557666
150 384.9657841195777 159.59040087525437
151 336.298377026201 121.53973624006368
152 195.6585122448991 28.764661244508346
153 170.0219131590791 428.7775344730953
154 246.39834577056286 394.59093257139455
155 276.15965466259087 99.56453166689363
156 84.61887032863473 342.9916304032441
157 194.78557116528592 131.31570974527122
158 64.8841968527744 472.13841163739323
159 46.55889602235837 36.61957245316341
160 278.17370510077063 470.70741391211504
161 58.0532329976145 218.55940525122486
162 241.27510593279786 348.9071594205417
163 295.9302803927978 298.3250123789481
164 474.89667118096713 55.9231397032984
165 284.73959173390693 430.90203095132114
166 406.55165696902986 167.37353315312524
167 15.395882897628809 374.5293464697957
168 21.61672167576458 13.476974943457298
169 63.062312343066345 368.17486393531414
170 263.2210505217622 104.8956804250586
171 146.25129920055784 141.49564016103707
172 430.7838106183517 413.6367345938911
173 469.4433628971281 198.62024548100734
174 229.08530191775512 90.96885942617818
175 62.42035477858903 315.6198911280805
176 115.73039705850637 459.0440855526734
177 138.81099289672318 43.719204822304235
178 272.7431294299237 114.80090931226235
179 128.05457471096324 347.13833797963997
180 336.81707839118667 336.7698682094402
181 150.10323342426452 357.9553658169347
182 465.43886472654424 467.60235986395855
183 108.70333815687573 143.5309648751616
184 394.70055546543136 344.50015616112324
185 453.0236165339983 236.8472558623734
186 386.12160026304485 387.23573119802154
187 373.7304195970377 113.57813197836354
188 312.2123055876809 330.1224303423953
189 347.3499475331017 230.8309740342406
190 152.82788720708314 211.11860601856282
191 427.9026655734103 160.27733071451553
192 313.586132366508 104.23163389601743
193 120.3468984850445 335.825356459405
194 467.75126202657094 244.52490198726636
195 457.3267143029242 380.07716171671296
196 62.02298717657483 107.32535339092382
197 71.08323046021056 489.56151751052096
198 190.61191906408874 197.67891550204874
199 177.15936132262092 339.1355904198842
200 240.83126478347313 235.7078665840489
201 289.70432701195705 6.009013083705733
202 100.1896765814194 164.2867622983846
203 415.76757186054914 435.5593803525208
204 170.63088951970602 366.37253749640723
205 175.96098451451877 20.480381365639463
206 86.13377382935604 231.39958086202793
207 470.2636199094034 464.831904661762
208 310.3594505445815 234.38203397482746
209 313.54507091885955 117.24638573935145
210 184.41245625672843 444.7531949894264
211 425.5915301360609 149.886172465229
212 78.06871377649739 449.51599408674696
213 424.03297243369155 476.74375629512645
214 464.01588268106184 473.9785828208543
215 219.59020928548046 9.530363883762933
216 89.74972050475851 51.20553066642691
217 275.4874882133958 463.7075642260092
218 408.775569093934 451.3278972081942
219 387.70929016974463 62.1826095644569
220 3.6748040021449713 154.02430860948044
221 25.019066430879292 233.81028313346087
222 66.41355577854111 73.81041087157816
223 27.303459373017862 500.12225255702396
224 316.994834929377 315.25551331199716
225 106.8570754117687 37.639525945752
226 352.1847177132884 197.88292590606918
227 171.6809072908931 77.71458591201227
228 53.57985887935547 433.30438139456027
229 401.73196961330984 42.096485345459485
230 19.72539374069248 259.0892935826799
231 348.3318321427561 106.31600151189654
232 443.3415600327722 68.97580247722664
233 51.619025460666485 107.54707014139353
234 463.971668622371 4.293475755422882
235 269.0126701703082 29.81672640786148
236 269.5256956092652 232.88642798308945
237 411.14455534962065 86.30796331658664
238 87.26062157081971 121.40065570727663
239 187.61192020428203 239.0280187167114
240 248.7129014910453 282.53102343368687
241 225.20526363014523 331.2993142321075
242 164.97767754348553 484.71104997847374
243 99.97330573456776 353.3710180144251
244 366.51603236687254 232.7723098440925
245 303.6016491471087 224.94639896781575
246 184.36355779413887 370.3008282259915
247 89.10203441629807 361.57417827190426
248 269.21242557508737 371.7740717411005
249 18.736054695989957 178.66210685671376
250 334.34390251045875 111.07478145942973
251 236.4299317417779 114.33628789964952
252 411.79930798468797 219.64704243694345
253 141.67639861579238 153.49231470392994
254 392.4950284381667 279.3851195729683
255 148.0653245257752 302.1622326441054
256 285.21061191270906 495.3268028345281
257 104.13610302399528 402.75621951321784
258 412.5089129843259 121.36112437163027
259 274.20334268457157 160.82841258388726
260 190.68354259734315 359.4537381785734
261 444.171182993655 242.76362775541082
262 223.77089382932962 98.34405767524818
263 311.1224365687318 298.18489058107207
264 128.5131594923186 362.2740389349964
265 276.64520901276103 301.94123840704873
266 390.9131568764898 490.0718155356824
267 120.44298363073915 123.25132901266149
268 14.683198187008472 107.83171182537248
269 295.7629689145463 296.94997378473016
270 392.45750530149024 163.50804543366522
271 208.57364357604257 24.81370628435783
272 53.11145867437824 311.97085222341764
273 399.2234706967801 40.62533194681178
274 423.91049372884 237.46005698296105