0 399.02228233374484 10.24917039144289
1 99.93929080402208 371.8445675453891
2 240.35331989657945 492.51880756981507
3 466.05397111770253 157.49055554324661
4 286.7948455433458 308.82509875255835
5 58.32234854479098 348.116736161111
6 81.49526646816028 57.58717594353872
7 135.9735345801295 130.7946322371488
8 196.66246308896896 497.5760220621072
9 434.98018967020755 307.33753038203605
10 66.77988828217988 434.20792753584584
11 480.19023900083477 483.9179643448769
12 366.85236550219133 445.0655498994185
13 376.7206738248166 271.8694928532283
14 350.2801996492604 313.75882308786606
15 292.31188624272636 361.5457629580429
16 69.13679165179605 105.29786089300221
17 199.09622088451187 47.87213792794368
18 225.2081865997796 322.8657467287181
19 433.89532013499723 292.14430328950215
20 166.14201244324585 144.2509681823408
21 262.7282265363015 108.70329011943251
22 193.44901493882242 318.22792663902396
23 426.68606438835275 129.34807743287433
24 352.9018120552918 349.85816042258864
25 29.708795392628215 422.73426551887565
26 325.08394361917533 243.02600818599316
27 228.08564261351088 230.55168272230273
28 337.45614465293164 148.51942972957505
29 323.6933702555449 76.97349733085974
30 217.3275017969082 413.6199299720691
31 256.0851040003502 269.72630533616206
32 312.54585808838414 165.4751477577816
33 419.54720344647154 172.14308909645848
34 476.55487054002384 236.49373427706246
35 370.15295160025335 226.72997383047496
36 203.70420626203548 384.6237303866108
37 250.65925254957594 65.10285569517616
38 261.3452179245056 492.65434072332295
39 142.81578400278997 204.6314982368623
40 310.29584381975764 107.6156380606581
41 111.2866293888039 205.7663543595256
42 78.71667092912259 423.9411048263809
43 376.9197913581752 360.81725821256344
44 69.30430481411993 27.305515715898327
45 376.5428673036306 391.90343966430964
46 112.97881844021599 18.95356726743874
47 437.81168156124846 358.90064762786653
48 313.9184984980365 342.8945841748245
49 380.89337817171366 426.4739380429007
50 22.878529561831826 486.5540550422861
51 122.92697224766161 378.703589172124
52 496.21919028370297 492.345307174161
53 230.27127092499757 267.3868451466568
54 255.9647687761912 38.1524096770885
55 387.5241908233529 335.82960161523636
56 3.516176474186248 190.9004197790022
57 430.176958998565 391.8297349182901
58 44.348248140978164 261.2297313628156
59 376.55314587518865 99.59807593393795
60 298.13687817236325 86.7881967701067
61 349.374672467669 216.56272023873203
62 397.2817511108123 415.8083283457199
63 361.8955695556931 116.35922427606138
64 226.7172309479125 470.4462072660533
65 171.04929111402055 55.821747336833134
66 491.23677779959996 196.8246671071098
67 269.46639507375164 467.4591825332944
68 16.295688985576803 105.84536324491387
69 86.53669256432453 199.72548543388223
70 31.40246945158173 67.61261345383096
71 138.9140174098391 23.374913399908706
72 40.760865685015816 383.74651942537116
73 130.99093842361435 340.33053782117065
74 243.7823835502107 418.9537787164047
75 466.9077453965448 486.7883496278244
76 105.45395418392515 81.9713985772693
77 177.6015709339384 192.7294336778529
78 290.3150959963843 432.4021827886792
79 9.250782084724928 202.61931610600485
80 112.97648336940736 211.02016317811965
81 233.2243094862812 279.8359065956171
82 52.69428017272176 156.84011166253677
83 265.30690047590207 313.28685337884764
84 92.50414598051631 472.6173664253997
85 301.5384157835293 471.75204229786533
86 315.814138541407 414.4723028039542
87 442.4793344455475 371.7183505856366
88 205.15771349408837 46.01862218487332
89 207.0939983186628 7.861842580068486
90 24.015840325029334 287.71540694603755
91 390.7298391716348 228.8760544446071
92 461.2315690960327 11.159685824618734
93 399.8625436296859 350.04560505469044
94 428.56092677098275 79.68993803288461
95 64.37651928065887 87.8205675644377
96 10.330802508118888 333.9803340406252
97 376.1540457794799 316.65984116616886
98 18.007296488705737 231.27140979625946
99 225.6585096714409 260.5807571298264
100 499.71759580769987 496.5047617528309
101 495.0137714284556 126.17712086112492
102 320.41362411083713 329.90805360323515
103 211.8057899459369 285.34968351122325
104 85.41763870965963 454.5107311350856
105 68.46230443827152 42.63040587143046
106 206.5480226028368 466.6619541681998
107 235.60259441420027 192.7760109055278
108 376.8874554904005 233.86941108962432
109 260.19176926308114 482.25647276153643
110 35.52667929169729 309.18056850218375
111 283.6824335781134 322.3705058250821
112 124.29328123915614 108.88800411812208
113 412.58181360998253 44.98285705175842
114 35.55827967103663 401.55590142358295
115 327.0432450521518 223.29709673998977
116 183.70247040044686 425.23708770169264
117 94.14846985684484 83.65290090522046
118 483.7199453204567 307.27812009893563
119 170.52082793720828 305.0680521654616
120 332.7379819744435 255.29478580560755
121 246.78920321910027 0.13345140511959797
122 351.9405559875715 360.7407726883411
123 399.2088509085474 8.91283635225728
124 197.4969206063151 210.98982826702755
125 444.43748638538864 147.6997135224536
126 229.6171933688118 391.00464365781545
127 494.06377093822016 423.84003189858447
128 143.78380857725577 335.4754382427017
129 421.9901152951205 286.3417786716885
130 428.5404161295526 429.7771906014629
131 334.1828894564146 358.6621534661279
132 114.9593850239657 152.21609427670427
133 130.62055725221495 199.8873814801395
134 331.054294069455 23.814703385242336
135 406.49381194999603 56.502499290411706
136 34.9557529761736 59.319297534948916
137 215.84167669400898 191.08540940128344
138 157.62685498245597 412.2041341879486
139 176.84373563797809 310.5539505212084
140 9.258629478826604 376.1942526551379
141 430.9310215601083 298.04474392696164
142 443.25680119522036 427.2316459326655
143 213.72661099046712 396.1089285397922
144 184.90741113905042 486.8695591642182
145 136.58201931291833 206.6728273827612
146 148.39222772104733 148.79495086476072
147 254.1366203945258 363.1302747118562
148 255.81401566525247 148.55193016148698
149 152.89435140766466 456.0086721729459
150 467.28715795289577 415.56644570952835
151 55.28629968906374 332.88243816171297
152 227.9510810925411 149.2580016247517
153 345.0667843415654 147.5946803300384
154 479.97167735815265 449.364144243473
155 482.1774285892263 88.39265017355608
156 176.21044220168358 124.60115571916388
157 475.40569248529675 22.281919313348375
158 478.2614027112504 483.43743984152815
159 402.2629970586858 369.76138495236387
160 356.9825815407435 487.06553718109967
161 456.51266654138175 354.1133002991071
162 364.482115852388 378.62490413495004
163 113.68874319165262 396.59189359970736
164 159.7578663071346 15.349212285893314
165 273.7644017724929 270.17924144990786
166 185.835370430539 366.59076240438736
167 114.85218519069956 293.05818942460246
168 17.30041407612534 315.60846656749163
169 471.4480769399965 220.59041544848787
170 473.5807177146988 164.5975392639168
171 180.26777364814862 182.38103628199255
172 499.19523812567473 435.68534384121347
173 214.16572791322284 429.9618614315416
174 181.46050550844757 346.5215861826204
175 325.9762248285258 367.731486032342
176 453.8195862657098 108.65050855072154
177 80.37068131289362 311.05333309868433
178 163.04294477741297 461.06858499622183
179 362.98637373878483 127.83157280603908
180 197.039127654465 167.2432017764523
181 337.14939164133517 439.4601519340329
182 212.90915539655217 36.39619061700182
183 373.4879025703354 295.77149739985873
184 340.1799052427368 319.0407200715139
185 99.61210187329178 296.49920961833
186 366.86013572047597 218.60068686280056
187 60.82307799882836 385.81306253156083
188 1.0767195268953766 108.43906428184748
189 398.50528648765606 142.68465359367997
190 247.56935618551185 409.77474022576735
191 59.45594624425561 196.19873334002216
192 271.2488052603927 499.7770867326591
193 276.90959180046184 479.4377169545202
194 387.35660436375434 428.59333826789515
195 400.4271455065029 410.2359233491216
196 400.5034780028338 134.1858996528854
197 212.13615419189668 196.92533487638238
198 66.00924080492705 304.6348593525893
199 471.03263910201906 350.1759885322617
200 337.51872040583294 477.995914279848
201 230.18478339048605 142.17193783398878
202 354.8262131307398 463.89435666656493
203 423.7147192865253 181.65754089396847
204 344.2052470033117 137.7831279389669
205 245.37733560337222 429.8391347423164
206 141.3109242609693 178.19605923243824
207 106.40342458156944 462.73354554174847
208 49.899013672718866 325.3870770663199
209 263.0293642525638 484.31758295365216
210 88.18859712247612 292.46213927163603
211 228.79688109770697 72.75168201871406
212 438.68490837009443 495.4822265112921
213 212.27353361393816 406.02583663182895
214 46.67392190289503 337.04481207458394
215 83.31853523329232 194.60773622216763
216 364.40236160826646 377.5349405970205
217 303.3979316445039 376.0604667039261
218 118.16481856999474 297.57867962638704
219 292.7398815601848 105.14114906827145