0 484.9013517570073 223.0214888536693
1 44.210053573847766 248.60698401027628
2 400.44201297052285 465.9221715551061
3 109.22195946119484 211.25303969315445
4 213.65841272524412 22.092169313987142
5 111.40621287420129 124.5436037092021
6 379.20157139274573 375.288048911921
7 424.8649414374628 467.70694882970207
8 147.5249404780036 22.08402560376031
9 450.2796504491425 75.57148347029994
10 94.65556181290066 210.55777656713886
11 283.35013181535646 4.388147754536409
12 64.73039842632247 77.95619661492267
13 51.117525731769184 200.34590607288945
14 80.79904415208799 446.50113258029177
15 137.09350095112535 116.33333080952245
16 327.3368044960157 149.9449520594809
17 83.88787527353065 398.90242393460113
18 26.760181268138066 276.0925426659839
19 444.203642188271 282.45045218301584
20 394.99247694962827 363.2688200661567
21 187.65145169145998 393.3514386652085
22 320.7875157898209 128.62983817070244
23 56.82499375512438 177.14090220743424
24 100.08748525365456 12.290792071843667
25 363.47392168126805 270.8859880809193
26 274.1643417610447 346.47579267557626
27 284.4130046683727 185.55726728099364
28 69.67394227653573 239.28161451985414
29 128.01414383506798 298.55996547757337
30 495.0384165632215 312.19207103797237
31 339.74195511626806 236.57868637901103
32 309.7646492434002 213.17929110008603
33 237.2143683165819 387.5436618808841
34 474.40521565745996 439.0851966892598
35 60.69636762607561 399.83578912461974
36 100.87318867290735 305.9887639829339
37 390.76796341763134 210.8136059785331
38 106.73323317388433 44.43376413287465
39 375.14668589482625 305.36737396119287
40 474.9088610071933 338.71678206710783
41 481.2907163495109 101.48398439004777
42 465.9693479854363 281.91690932877265
43 117.45998961459114 80.74064342298146
44 147.78963108235484 131.98610013200562
45 51.371227440008155 479.2363743511127
46 284.9127172333101 393.01306707313506
47 455.446590144683 114.71728569219476
48 456.3864913486929 202.72386387242472
49 265.926396564035 182.5550304080965
50 242.19541477664228 211.38891234444839
51 255.79327162926097 87.79720824080475
52 404.6624938411928 72.56843295574687
53 307.5375695042669 221.72462517278396
54 232.35810856026828 436.54786186972433
55 410.2838992322939 340.22206716840924
56 123.11958531937783 295.889388829895
57 267.6933393370155 53.79765213842662
58 470.7590130368721 334.257655875153
59 200.35829719977286 256.2706779900016
60 108.91678499806027 412.5651324645709
61 187.11463399632262 158.98820770279966
62 376.3044591629711 161.5266165066661
63 465.810025102605 492.92816406393337
64 272.2727534350883 185.91266571169922
65 53.58798432749942 274.19961049301634
66 322.2393964926217 208.1480468935909
67 412.67396616830086 475.2610142669576
68 435.01617628264376 88.41403238966123
69 179.9825403265046 299.64241462993056
70 448.4859272601308 496.08240093554
71 70.60441204600357 241.08010394190714
72 44.39717944152896 129.1340239754663
73 7.376979970022781 498.7503384834729
74 373.2683922764063 293.19661686363935
75 495.2945467147466 311.7235409074016
76 0.5230313516596531 249.97359241477895
77 16.47168796285227 241.85069915141972
78 260.01314212490126 230.1302707854276
79 449.73792056096755 405.0415585284769
80 102.03155425894833 132.15358613216938
81 32.71227788538754 180.29664651574691
82 313.7612409916986 415.30803658305035
83 447.38290318820475 436.9153960250898
84 268.86533221845673 387.57331520810146
85 361.8001598162613 338.0181939778221
86 415.58257629511195 92.36793293526075
87 115.48073957967291 368.89216032019766
88 299.2601264757799 220.9383938316871
89 293.515820044176 259.6990149781325
90 225.72943854504732 0.524937151372294
91 12.178104858121078 93.76779250866963
92 57.31076889084089 300.80251903809597
93 160.03073517570164 466.03602106550596
94 211.51796620994097 206.63959963005155
95 118.15483825478293 175.20010711954157
96 108.72772381435037 163.9176972962447
97 234.13371043351833 82.78888845678803
98 173.17574771871364 331.01089895167644
99 374.8577030061923 374.6839787272412
100 442.6477570544468 143.53730546557097
101 399.04726956535126 164.5763584821492
102 483.1437626093248 196.16326630367755
103 249.63093117823084 38.47059555866358
104 52.61183142169556 402.5667104537459
105 137.76003173497082 315.6265647100241
106 357.5710995282619 55.14687367069266
107 445.2944038689226 33.26303755602651
108 275.0735741714421 298.70586768879855
109 18.05076627210086 382.938268137971
110 128.99056963595447 182.12116301458516
111 477.9700130231115 32.76994550001035
112 380.051708321779 431.97846222964864
113 463.6300121269753 84.56000314981395
114 85.41360459681437 234.24074447082342
115 0.20740992092138488 112.44948266199793
116 85.78945348670513 331.2920686196327
117 240.07486705334702 81.94437023573902
118 89.33268088934328 422.1135026748588
119 348.7093916866036 204.02559075259498
120 247.53453083089107 392.92401648747034
121 215.48291175324704 114.58427287496019
122 307.36957376196744 138.35026694219448
123 416.20820926723076 104.6085363344982
124 109.80272925999935 276.07727002691695
125 45.02094492937503 461.38825619006616
126 500.5576340444085 339.9755895292517
127 110.2932311321459 355.5018129234869
128 157.7385442725242 113.90101955776976
129 102.794304108634 92.5019426079306
130 460.49655911359207 73.71926018881062
131 238.2408915322401 423.02735388545454
132 189.436036956884 1.620483669260326
133 67.71266841440216 30.532651214221264
134 293.8677355089341 203.45803779053833
135 307.14769724938935 257.951259464669
136 392.3332715173554 362.67039991678797
137 224.27795017771518 24.384117648831317
138 385.0484863845943 470.3270592470393
139 362.9170313053386 413.3418400088034
140 306.04354973465826 407.9767809605852
141 141.47018276317476 311.1584572203818
142 490.8136857658475 189.27052969639152
143 90.90058355147595 33.94223471703667
144 198.2367671501137 44.78147010838416
145 39.15717947309631 326.8323291472676
146 51.36268085937011 486.0512624310901
147 49.24511301411887 171.3894117095092
148 487.43418776674207 195.65398729763317
149 256.7036880014078 379.6644408706558
150 424.16019715082234 91.98854934390921
151 11.245442838830334 465.8618050116905
152 482.82983887577376 120.58524800496525
153 375.7058414299995 401.5411973045328
154 353.3291040829285 385.94379973467676
155 39.254396441128456 405.9874203811299
156 341.50192358594455 480.30765731668936
157 175.02670862659556 37.717846734437586
158 160.58368991824966 428.3236858075919
159 17.95034054443212 472.0946319754813
160 248.62738920745215 463.23608326044854
161 212.55873383862317 452.6618498424215
162 208.94147662222744 432.1201841774479
163 13.013450581362033 96.13746072912154
164 470.5630975935782 469.6743348122644
165 454.38876755814726 338.9556929239395
166 357.7019434151271 177.25701655171608
167 439.5110393907829 17.87764229029361
168 43.90670946266588 429.1815404296263
169 6.291609098277744 284.4661293333343
170 238.43049964595158 41.76215886241817
171 147.54312814330146 209.15533137720885
172 4.900732536197304 485.2430861195129
173 125.72765470663066 219.23684252642425
174 306.93583300879754 424.5358361617044
175 176.9487609354636 194.3304555185086
176 154.79284924840343 385.6405798140817
177 292.77067244025505 339.81161552086127
178 244.4791118661376 469.7335568400951
179 16.124051615580395 203.22692711238528
180 25.015940268481657 54.16534055505511
181 289.64120430908446 1.944959082619633
182 424.7031266393505 134.03373412723542
183 379.25252027254004 215.16155879642398
184 302.3009979784122 437.570054698361
185 321.77165797247363 219.9073767778026
186 264.0197706434242 244.30943723589817
187 88.49873407972125 89.88979774394163
188 97.08628269085425 339.90297445960755
189 356.5786220905494 4.842118414125701
190 424.44417302334756 328.4738089108612
191 323.9658883129233 98.55032171415307
192 92.83591201737113 111.61939433047063
193 482.3683817618942 446.8805589511132
194 432.11367140288644 139.51856109746393
195 70.46812200271667 290.9405042224538
196 196.1312623006527 140.11468736805404
197 207.05130626070408 9.973274635078145
198 433.97986598118143 397.01531318866313
199 282.41839440991475 266.70477299444497
200 472.6483762537247 249.573677947448
201 252.59086527322896 204.64369587880287
202 409.4122151779483 399.59907631590687
203 345.3827130518289 41.26785787176908
204 251.3847445215893 231.28068897066126
205 5.363233267682608 348.1215094259929
206 298.7013361751602 307.20350256575233
207 97.10138642563206 317.5951277722014
208 424.7486590410304 347.7849244071842
209 440.8529731728303 326.5628274318337
210 126.70025768976174 486.06751987052144
211 255.02825266435013 99.11177770939018
212 69.37447978483848 278.5656259433619
213 422.3609045763332 339.3140235096411
214 327.0919637641159 454.7827213612814
215 234.68846395328492 225.36315132773302
216 180.77705382634036 110.0916384866489
217 450.6496140233914 257.42645867568046
218 93.02155429629184 94.90112619870237
219 484.4058413989831 495.2480532763024
220 386.20863204322944 84.41981210370128
221 10.702716359505144 351.8789412510329
222 222.08120805451927 403.8728934363095
223 54.20038391129494 211.90722862782246
224 176.3314216125766 454.7267743543748
225 338.0233881544904 262.21515485080823
226 14.886217906803479 191.33337076900733
227 281.9067404898898 84.59885246838854
228 289.56930998580395 416.41874322874173
229 3.148009661485131 215.55285745943064