0 341.88097507310744 246.24795411987205
1 446.77025957703876 420.91382598695276
2 424.0114918887146 182.36355808819144
3 29.295630004169467 2.834575185234767
4 196.9708448273001 210.16472062368288
5 199.53745427186718 168.2849806039815
6 473.70717410932866 261.8132776438601
7 371.8514103216655 325.6699721891188
8 487.30073652095 109.30686251992196
9 314.49851261035985 240.37261719494757
10 431.31843748359637 241.67467335063847
11 304.37306106615983 406.0919446079345
12 191.13614126119268 428.54619527750185
13 270.5268536142414 433.36086789803886
14 411.93396059482495 90.88201144961731
15 414.74793704303266 437.3715032105468
16 260.40232949301196 1.121768694631271
17 153.86323401760276 242.90482045003287
18 390.9361510764541 252.12645238141442
19 252.7517841010768 363.9860060433615
20 104.23990986919254 398.0702872509204
21 140.27889454751664 85.86891326335567
22 137.8180386587435 112.87237705477048
23 225.4914512755945 154.09043851399963
24 280.7832882169196 187.84880447366857
25 424.45091716683845 459.62959029636585
26 231.77975870212717 172.0131551927297
27 207.02247922735577 327.6563370370418
28 173.58786118839515 485.8565969674367
29 173.78805554470642 449.9617244829322
30 12.155435608600675 326.4983855191395
31 15.005205182943476 205.92316829310678
32 95.38177358372616 252.8132898629747
33 221.19539993788743 129.77849205982312
34 465.97124004146985 354.5146916729505
35 18.512533726588185 491.0564554351768
36 353.0679507530039 6.2003222389097665
37 308.51599317158724 494.24397886078486
38 140.18536588823235 280.0521148112731
39 266.35262171122724 377.15728785461306
40 454.15222386760763 169.22272348826175
41 354.63797166910206 214.02826437242132
42 347.4107270261073 432.9379814879227
43 157.5198244741559 60.01786045115846
44 257.02333038972876 446.9982033301511
45 317.5051578491448 136.72435793927306
46 488.171198212543 141.67053039656915
47 299.6371702887101 99.26729454705857
48 483.76055900451723 231.93067948114205
49 358.5196442455562 38.69670678402386
50 8.992136703622439 133.6340907121797
51 310.5035721259368 233.80253943197548
52 139.39482507658684 165.47521209191802
53 137.07455322735322 310.8805643771915
54 93.87593800062007 315.52797990490546
55 471.10920416554853 376.64872239379287
56 29.798957093503894 98.751375645211
57 196.2052775111505 345.301964951417
58 315.9634929735603 263.0911489227756
59 233.73216627707768 127.64357078316358
60 152.6329764252555 342.71207848083014
61 8.5974562659843 43.33770840967648
62 130.43224377091812 355.45450745467383
63 240.97983031585972 281.5903747509044
64 404.0201396640989 197.82503608253367
65 403.4399434769422 470.984985707563
66 184.9316796351266 111.70309528137427
67 107.88807730780137 415.7740806114201
68 140.87957439941928 403.4735536822057
69 183.86119134096842 312.65999296784867
70 52.10699616221655 432.4799839004786
71 376.4417857728943 292.9849797385203
72 280.09116944251264 240.53412666809274
73 416.9371299224264 431.2953697082231
74 136.01178525444038 41.71411549318299
75 143.12976159772649 416.4445493521435
76 217.91872579474182 185.8374508959671
77 444.5089397126025 410.75563400159757
78 98.46040838212875 95.8039447550117
79 21.397421181319675 204.27804074828362
80 14.366816607753156 100.47022820952277
81 349.2990782762981 139.8404387516474
82 304.62096146378065 491.83896001251406
83 186.1106011688493 392.42825561566497
84 376.3975080060946 93.1245048457653
85 187.06357315738336 83.39505706565787
86 387.39958476464074 88.69126643103773
87 406.39361612779 368.15504253486597
88 113.18240021914654 302.95181978221535
89 448.76917738913625 23.297566296963186
90 177.41678349460568 154.05895312519084
91 80.45494121378275 299.5151446732233
92 380.8160475741844 480.62900895117383
93 326.0334930997609 185.34244109105356
94 354.62674020290893 455.7936397433365
95 419.263824085072 15.466837452693964
96 109.16625785763289 371.5927893354913
97 498.3162974830434 276.289857034302
98 302.88019133190215 86.09386834661852
99 29.19103513946765 243.493893885486
100 194.78728107070032 26.65018163732041
101 251.6005685623336 96.60047123049789
102 292.98184529464237 202.39673988660223
103 318.9770789963851 413.8934470005646
104 101.07160085268275 292.42169023354506
105 406.55120238965145 8.625029929770863
106 215.04292563682563 483.0494872312174
107 207.64113228903165 391.1222758576229
108 191.06605117707852 352.32439242788746
109 112.39002735759249 166.26841649271617
110 232.1798203805175 259.0932683281179
111 316.1940493529967 90.84599871858418
112 197.62807237780723 336.05185198064595
113 236.97502887827378 42.39765778764404
114 335.8594845668162 378.7410468939666
115 378.2685478339378 84.58577826078141
116 392.84795229112217 106.75805745169592
117 156.82245356358854 416.5134463126515
118 417.4423493977033 483.3817210383127
119 283.0301434978139 407.1070261346243
120 119.91269859717023 490.4021995537029
121 427.0597248247158 90.4546252183626
122 90.72369481171386 26.19239333975471
123 258.9817633620548 417.94461096589396
124 499.83751132723927 310.9614843184397
125 389.54773824114886 266.1552943070385
126 130.52407838582025 467.6909539812785
127 341.5256400257853 188.7091130965898
128 214.740423233086 255.46894185005024
129 443.6605768666759 85.72391326182729
130 2.6296915451230456 195.81093391906037
131 394.3955544289072 5.0688205342528265
132 448.5860508551999 169.08331175318548
133 292.46112896953457 25.364123638450458
134 113.63345620445453 396.3305570634666
135 76.32280968644412 208.55165479330645
136 121.57418449425383 52.647938880668306
137 133.26074915817824 400.9066322784263
138 500.4775125917761 144.73837024625752
139 273.549186132256 221.56188160619817
140 254.59897701829243 130.44586127261408
141 363.801292347501 403.9717768921247
142 329.7480718853333 197.8669432220462
143 129.0501519690433 233.25601541959267
144 353.4545306319882 491.10793061314484
145 9.547829490295864 207.03236656439285
146 197.02321349237286 18.87726010617708
147 457.58161325341433 131.17239564657314
148 388.7126676696996 428.8812179986992
149 214.83032600316503 283.8961678374063
150 323.8245371447914 249.42529076433277
151 412.9135485350143 408.7589966324763
152 28.448695736886016 242.714511749407
153 227.82245370024165 233.37775230393441
154 399.9734773367113 423.0932553065491
155 450.8636737670752 385.19415460606615
156 433.2408450121275 359.8681189973831
157 488.59597767180054 20.179072632933686
158 431.4028729963817 376.4172083123595
159 207.9945686604263 221.14444882521633
160 20.119296283789158 291.00489349837517
161 500.7389150503046 159.24841203858185
162 74.7248201491109 412.09323570803696
163 81.08740636558326 313.35452843829063
164 276.39050366276496 48.96957075468963
165 334.27572419665944 0.1371823641509491
166 77.10541912733112 404.19423060207436
167 387.75572138769655 293.2133051746955
168 254.51253271007423 275.7134262143524
169 203.87785936063594 407.12410754234674
170 46.247246249237236 164.4791565275608
171 129.8123240243095 480.6910234302271
172 87.44739041082997 453.0713115052427
173 206.60296054645772 222.12636838751752
174 427.530336960921 7.127066749606397
175 11.252785032483171 253.29182569595423
176 422.16586989808434 209.3479836851526
177 424.65094271543416 70.6671670937997
178 157.61249169973783 73.4776723715052
179 459.96870706472515 439.9162241122561
180 325.230942349185 341.9210101637042
181 220.8752428584138 142.41929859282683
182 126.03959815530558 109.61063457926771
183 56.554098330792804 441.7781446223866
184 347.63529734570596 301.3169888382562
185 189.03757492298067 246.09425060166453
186 156.6668147805411 11.845586524441968
187 399.8180239646593 446.7709358434807
188 26.31886628432003 29.468280246690405
189 326.04445486090714 42.69632619607512
190 391.9414622715091 77.4948698150697
191 16.86700359608819 190.92705018952338
192 267.0421578268688 142.10733842411346
193 142.65367034196558 492.41137419637016
194 52.34823270581421 23.451062036774076
195 130.87027461499255 374.8656811147128
196 136.54113172751352 81.5054453285708
197 41.38915523487904 160.649632399177
198 195.56761158394198 469.4413287994565
199 134.87122165468395 443.3731498647764
200 262.1394138960368 3.0131109616289287
201 409.6524396687721 194.0121830893372
202 191.14837255691896 187.0305983440404
203 324.25840159968084 88.5104039922309
204 112.2435976988803 260.10908962581897
205 11.268870751299483 339.2006490457128
206 296.7446780088323 75.7055884719984
207 6.759244412470057 438.89220825691575
208 103.3974978135864 493.91494969634005
209 394.9571965565337 66.13952122563109
210 302.2188356473629 403.62179208158705
211 276.0698030937767 21.032543210165244
212 65.82106804355955 458.38241237361785
213 117.46036877936835 444.83080979834045
214 365.1603674513228 19.845350289521196
215 319.4838831643765 242.90081821313643
216 253.60971876288409 328.6103184065586
217 279.32623505707716 45.71033879013076
218 266.6220865179673 358.17191568927154
219 303.13474954418274 205.08329100720852
220 189.01998802627273 368.99835240005353
221 411.57610700071706 302.5255215883848
222 455.12416290752736 143.85446085390325
223 456.71271508745775 349.19435657808367
224 274.51714150602373 464.1945292734693
225 449.7496845672289 331.0037770593563
226 356.22681057113994 406.8222204876798
227 132.77193183032912 9.43219075002775
228 209.5106067654298 141.0434716996735
229 108.06455051211853 399.83146458709155
230 71.22243088272631 452.22256182649187
231 239.989603356419 110.42322088209549
232 397.9530223312647 335.99251668600095
233 117.67842066704357 309.7126284342205
234 190.74795311048143 133.368057544376
235 49.99098786240105 335.75003974870936
236 133.22864656693375 271.66266146300455
237 399.2926586687156 103.52716470743118
238 85.36820361578462 350.420634153741
239 43.60330954528739 256.8072984330319
240 500.0068433523186 466.54141297158185
241 385.5850355826965 134.85801861132958
242 170.43110757178792 336.394812597446
243 42.65210093563647 8.879974083788692
244 17.986594872650485 482.0045847089906
245 321.2103214360571 152.40679011082213
246 240.74537208519098 437.3122760962137
247 34.66303034189032 234.58878352665727
248 235.7077025313297 176.12393725100344
249 489.35676749003443 189.0674042113548
250 123.88160009035174 180.58950945943874
251 201.0825989186183 138.09697060753913
252 30.854428453759194 332.9679413733907
253 449.09686096590804 157.6773247611498
254 8.147495097465459 87.99077105206075
255 291.88104147944256 133.7232793189809
256 83.72746629430286 164.35246677146066
257 493.02057902857115 190.71584480432475
258 431.5379829835118 283.7283170643823
259 117.65056547378342 166.8554861639547
260 37.809937822323285 328.2484998620231
261 144.88952000827595 379.4689659837037
262 39.21107141556008 95.54192651127302
263 49.56237049768455 441.3090686455893
264 44.60324054281569 193.30401094948104
265 165.30009760487945 196.43050827168915
266 364.29011258727564 466.83977725357005
267 41.79557902511616 390.52550651751113
268 479.15852868063183 248.1868689396697
269 129.59406034010186 13.958787089184396
270 459.04342050414664 101.23271026989225
271 325.3014722043847 372.2548113470902
272 250.97952960336158 138.70589775395777
273 300.50477956124445 243.45857001301178
274 400.74180024879024 434.0438391531588
275 33.016314448422705 170.61678475899234
276 272.22261612327986 475.9171331350913
277 110.27732563372211 257.6077359848556
278 256.7450263148971 81.62567270595814
279 161.88592550091178 37.685462799919385
280 233.36981062423885 150.67224335136336
281 221.2509435991961 385.39824843817223
282 256.6178685013219 125.56662175601889
283 368.3153770255352 111.99142969624124
284 7.800503342501472 53.31619861977483