0 229.14183968717796 375.01086898883773
1 28.326452361242346 131.11909912607857
2 260.90718516654323 188.58640991977143
3 97.93775111718088 174.49121621136646
4 230.51492355155773 369.79325670064156
5 391.8158774463479 495.43102042280486
6 448.6010065865788 437.5647061184217
7 169.89481575883255 234.25395780990027
8 72.1824885420032 46.86089076962083
9 306.519734764088 293.4130228285539
10 230.5784072652158 286.18601500743677
11 359.797849412014 83.96309194011143
12 245.51826211545412 210.09043550915746
13 231.60230857652942 455.32309384565025
14 462.5458646065322 319.9941701142406
15 140.21041965502607 258.64420176944986
16 497.92516330804204 232.52495935064547
17 236.98439137989791 191.40099063356936
18 219.2592100633045 159.5763248088898
19 181.33567346316548 176.78906524649193
20 374.94484476227433 399.46071259469255
21 366.45328442712514 255.13416055241157
22 46.402922919786405 424.8570834530175
23 241.92196342463336 126.79636626749988
24 19.74750927219127 292.7347748436575
25 358.40791636521686 208.9875174238612
26 171.1875160353246 491.0721500903752
27 278.0476345514261 278.510860101569
28 182.99016419437388 12.983347772566391
29 464.03982032310284 27.678757993835756
30 202.27824875195333 398.8160510374879
31 59.21084359998381 103.56800324020884
32 20.281628248689838 139.88997804002167
33 218.00075644488973 467.3315096514216
34 461.91847122481647 375.80834775515376
35 221.40019509696376 210.50111942742876
36 397.74257723710485 463.69345986696067
37 157.85765674758267 261.0883186367585
38 208.3609361625621 70.273019539753
39 297.07180842579345 208.81807844150742
40 10.398864816887839 151.47478793791868
41 90.88592192635453 351.01529573437847
42 155.9702814525542 222.07543614783768
43 409.20881293559955 369.50457804822065
44 300.39655043343197 132.99280190316819
45 157.0015267547158 441.3807235711896
46 292.61000845982375 104.01149910896363
47 415.8889787466912 445.66100942944786
48 217.2766204553807 99.08794166201888
49 39.88304209022337 337.6395059722059
50 151.1772229311999 222.89349502068492
51 437.0361554657359 164.22997784322683
52 63.798047383511175 165.92382562772798
53 320.5840487967847 123.70549100312954
54 300.3983998369475 356.3271164002235
55 307.28149150940965 13.021514810291224
56 229.0471619778413 349.58591064644844
57 73.18700306856495 369.34376838459815
58 438.2495547963187 160.32432403266512
59 133.1100502585467 70.49287814433835
60 274.8218301320371 138.80708388207515
61 458.29909938862994 177.76487958868236
62 117.61390798052491 189.14639067522631
63 249.7186725611201 261.990241145664
64 459.52852505455354 77.83942667571414
65 147.44108982332892 26.753119690003295
66 243.04053885450278 292.02186351403935
67 0.26088471038308003 40.40905156044564
68 394.08083511121714 382.7418551147397
69 99.62971413503526 449.91071623968065
70 95.71718857305778 492.63381136218544
71 396.4046304944251 123.4801712555245
72 170.5373672427528 256.6032020686208
73 266.7046508886177 254.8502471387835
74 300.02045829912 63.520948418529315
75 313.3785256594689 27.138887028462072
76 411.46761990663094 191.47004602320803
77 488.2005880431477 104.41698199548993
78 226.25684768074328 151.7872282732786
79 45.93254402909305 289.6837728567901
80 318.28393103363163 150.9990791678561
81 426.81537172984537 378.27346788248013
82 493.4576913847984 407.76430961003655
83 124.8888074925202 370.6824006877072
84 437.02779499293604 180.10340592011318
85 33.774969819184136 393.42821941758774
86 319.3415013805849 233.52152088493963
87 453.2083480440061 367.8310107180737
88 452.3489713391162 93.11229931774969
89 154.6459364880711 175.54056159415154
90 130.80680646598088 363.3678560785789
91 436.7495327501735 291.22511213676944
92 481.6654740340861 27.21402669456957
93 5.396252501435656 86.08374284321307
94 434.56888101438886 112.74046082795732
95 409.1440235600679 278.74805435719065
96 438.742800460789 266.20116382029147
97 397.75535059959327 248.6982734354791
98 96.80365973584385 286.124234352704
99 266.46598896396443 251.53467782336378
100 177.18079127369498 367.78808730850125
101 175.1739655430405 340.31754324860054
102 311.9119654059406 316.89698781909283
103 370.6203834245887 138.71684925477496
104 243.546222843765 258.01994875799573
105 499.93476378294395 437.89772253331813
106 124.76757405313923 381.2447434959375
107 386.62603771597026 422.9083002308881
108 189.1394748173219 69.5429137500413
109 194.21436617979143 229.83404822965707
110 57.06215123958424 315.54168626798594
111 361.2194246192203 378.13536867970134
112 31.6336768984959 134.75504008894393
113 32.14775233313647 38.39546587205418
114 453.61052046940125 317.8393555936281
115 459.45471246452104 14.170968852791514
116 62.074382488157674 165.1073059183701
117 438.19555169542 210.75965871252245
118 327.72946533294595 22.359518550463154
119 410.2261538729237 343.4787364960998
120 329.97826660752645 280.07447938379005
121 218.36525855843044 70.48050502281276
122 105.05333605118548 176.13525606442607
123 337.88829154131076 219.22435751593338
124 262.51907117818774 161.56514263821572
125 68.08705152420764 251.4700362648285
126 267.3997926746155 250.19493812869658
127 273.4000097604142 142.06111270247504
128 1.03891061439874 249.79064771464564
129 196.79492233501398 337.826866168175
130 47.548951868154944 472.9334372037857
131 272.6680441551769 11.64668787042654
132 153.37350047883533 3.862276002239
133 71.51404476781734 391.09315967135956
134 451.0491388904893 365.5651996139107
135 189.01580289852828 469.09831557374565
136 292.72941842491747 399.6363452549637
137 391.00506980420363 41.77214536019159
138 475.412694603607 12.803729431802267
139 275.9533395850533 66.8431969700981
140 166.10164289389252 427.5766889121166
141 12.26606501493455 470.1882366271567
142 71.314923406035 407.16196655564073
143 414.67411078391586 166.5712811902072
144 185.46978114182514 23.65406875515651
145 215.44313151496968 198.0217539870936
146 469.6596057963286 332.51806494463557
147 394.9544144486274 32.24748143365373
148 405.26119847000416 448.55199420588156
149 261.45015140356634 286.1003100402055
150 138.62429957173688 403.8412206902833
151 296.38131017636204 281.3902521039325
152 320.8192773296129 269.698617539876
153 385.84867291608947 90.27892043981153
154 291.0487451191121 456.22195510581474
155 142.08463007336158 418.0736323335037
156 444.8652831987753 255.89409246721704
157 441.78867362319363 423.49071198608556
158 420.77955027735254 148.60144651975335
159 126.39910891632451 344.359795926614
160 231.19177848177688 58.55297950132781
161 65.0608916210342 35.300541296826395
162 42.8346158053433 247.84439434365476
163 338.1322013061739 341.11907495921156
164 66.07626662932186 239.83126847226995
165 347.5616255560272 2.543249599613004
166 392.5004209435689 180.0500800220247
167 28.36353611653826 146.44456798580748
168 143.152989065919 287.1574858903941
169 116.72070462603862 188.87878870882963
170 464.7255293193601 86.24591059921967
171 103.95157220060084 390.11828142890386
172 184.7314638047377 412.93744631841895
173 83.69342861751761 112.3462012910354
174 437.42357279536105 213.85826255370407
175 128.1735736319901 248.83588897165353
176 89.79975179262135 33.45222370734391
177 192.36729483542268 152.24843292304277
178 96.54903245102905 119.60494522913422
179 273.17424821165554 342.1471732443396
180 211.2010062709309 475.218756277371
181 175.48427092530517 153.95008222662844
182 46.05902577112216 284.70386634997016
183 257.1492608349231 475.3190666520009
184 89.72138451342772 43.33278407968907
185 423.429277402023 130.42005538601794
186 84.12443042920896 351.5425362340583
187 450.43912595853226 497.5784190903856
188 109.07770925352976 272.5634320362938
189 396.4860084257961 369.6012201338454
190 274.20365452416024 340.20278042365595
191 439.95932122050283 144.4415176470442
192 140.043082342599 223.21923837769984
193 453.610325374876 385.93899191706157
194 344.8422380807616 306.48528614912004
195 486.64248106301505 371.0873553888151
196 389.198879011743 398.0549076810501
197 70.02260184917854 287.651040647014
198 191.31168899092995 40.32851285458631
199 413.81833697233196 291.98168553073504
200 274.05123196026744 406.73846524802997
201 70.1693255762302 240.56998728857653
202 369.45070461200385 27.76651381230404
203 108.70733410802337 500.2088767513317
204 289.50033285925906 180.64829732583962
205 94.85502603628363 347.6412152359582
206 94.32223818970414 14.820068409022484
207 433.45347522055255 118.21869926785443
208 432.9009329835184 137.0196381956657
209 181.59515056092695 382.40780384148064
210 401.5494082798599 153.96585503539578
211 461.37246720638046 106.94493425595081
212 403.20221751794753 325.7100296920536
213 432.4907748177406 443.0645783990225
214 214.44391563724278 320.07806042906265
215 105.34068013949785 435.5028802362303
216 401.90537179501644 220.1031611352471
217 384.17586375384707 211.91342205983503
218 239.2898350996746 321.9869874290274
219 296.5009157409824 381.9229289677903
220 486.8270998624531 437.9208877299807
221 320.6378681269042 141.3017208019755
222 177.39642080656625 354.0491876379302
223 10.71052125467694 338.62694479172575
224 61.90740243955929 287.9626973013773
225 381.9624958768362 497.3761429221769
226 418.7829826498358 155.37370707901792
227 86.4079838019987 114.60484019640855
228 213.54990079048213 194.0422554480989
229 461.3033725447766 330.2335532493246
230 469.60916994435394 479.5988929568464
231 355.8233956070814 374.4980404874091
232 206.23296504721273 136.64063866282208
233 500.6273740014036 67.30142405621534
234 17.714030033357083 82.3643309448207
235 283.7088467777007 453.04715194628756
236 116.3799521743467 408.0456503375105
237 420.0364987335187 29.029442084765595
238 148.87697998070954 95.87242456519846
239 407.0144234542344 437.610597283203
240 165.72674118629993 79.99680307436991
241 42.71692483963634 317.2245280844505
242 347.6640478672334 230.18424954125865
243 491.18559552202214 5.71152903482882
244 466.67506864428196 231.10557498618888
245 3.816189905511507 136.61130795856073
246 67.9727495401795 424.14402671392065
247 464.00779487982487 156.8198407036344
248 7.36966913941735 68.57034796812859
249 247.79908291926063 246.44992716960132
250 256.6386699120122 151.0769173245935
251 293.1739124686377 74.82634366186485
252 342.4876603327215 255.95562442644197
253 359.0832647845614 340.29340054079665
254 338.71723783802884 234.65457010957948
255 109.00064569948454 19.916246899253455
256 41.97855426515141 329.0550685575996
257 84.00516553143585 311.2164600271018
258 326.30386445299166 131.57300829284534
259 495.96921171821964 231.7988620609036
260 143.24283805390004 253.10785294833332
261 30.417096395545485 457.09786489549066
262 303.0057585574708 295.93734191359835
263 497.0165037228586 480.5006223287453
264 396.487793109202 267.8878976502262
265 151.46630776980473 314.7883496541516
266 182.42871211452507 327.4978898427389
267 17.752291624503528 16.1783637221872
268 286.24858184086077 306.435471301137
269 258.3567632259021 446.2461181792481
270 259.2920611979349 264.1321857264058
271 417.0282419153745 299.66008055181925
272 400.3129611712717 398.4507451798275
273 419.1444389970948 101.97193619842548
274 191.03523116757967 480.21741115053476
275 201.53464545605843 495.66994309392896
276 343.53794671067965 87.61878842978686
277 227.86685566326943 345.32598813884147
278 185.0290751459162 286.78786837605907
279 402.3505421924495 384.9447780214633
280 40.296581610697885 27.38556920943401
281 61.5577671446034 302.55822575044675
282 275.75520180491975 464.6218828962976
283 268.62311285078533 426.69906468380304
284 372.5432795287217 26.954453737433198
285 52.94764282274246 380.63465446785824
286 214.56679642397313 56.65280415727228
287 110.80195569917791 351.1453304880045
288 227.73583226266817 469.5227791885276
289 146.90078950827 368.1911916030285