0 244.87755417563017 186.02202890022747
1 421.4849773606968 114.90077995053966
2 357.47264994039017 70.76153575439778
3 297.4360942343914 331.218075930855
4 124.06591929160322 425.88282919920607
5 256.5882139892925 33.58462881341563
6 221.41082532724752 238.380548586575
7 428.46432694252394 197.45589117962663
8 200.07399845664693 298.0736833355855
9 29.117187232572373 149.49736198748363
10 180.26090391572015 390.7043432269067
11 500.3672021672637 286.8697104309435
12 374.6570977316634 53.1206267745813
13 137.9729330146526 66.2361167265189
14 81.83936287802534 215.54161961604356
15 97.93604171178025 204.67202979874395
16 1.8320543844295205 179.55624626797558
17 424.24058221379124 73.51425430938347
18 296.81038196264774 56.81687409056352
19 289.3320264332892 144.1987634577541
20 331.7855098619362 417.3547209822525
21 223.55192904193882 413.30563601948376
22 394.3457186568257 91.06594173191516
23 360.5621513631179 134.3547748965822
24 448.17304936389826 272.19577739095536
25 147.51561110143993 313.3774680406085
26 150.10709088140945 238.58259348061202
27 499.36078911835045 307.9264233794483
28 399.9850556693969 281.01455129977796
29 38.20330336218165 77.981169910474
30 117.3519792598333 122.2984996003517
31 426.09002961885653 32.155547596391685
32 304.4051118040214 398.5445164798707
33 189.93016592825754 131.72073050515363
34 119.21349411196951 15.72831303196918
35 126.52230940204288 381.2196761567768
36 354.3366023642045 15.810365028389759
37 31.81783958795712 55.868218961948024
38 157.45524534379058 339.5620909033758
39 449.618330575792 26.512689070674053
40 276.523456335606 238.77794294065683
41 112.8781804905176 280.6458883846883
42 342.25181185797726 397.7370279671067
43 456.6637267108145 296.87067134730324
44 418.4406177656414 162.61824919340597
45 330.6061436584159 204.244364300206
46 79.79574492365815 175.07052239635993
47 56.37774073748192 216.13745534520072
48 254.3802431181241 44.29257569429954
49 495.3200850661955 161.59660580360156
50 386.78184024183014 125.78659623678224
51 52.85712205472608 25.714313047733334
52 246.40922286834189 353.4157478715578
53 429.73761203904064 262.1770305770413
54 300.06940784389764 19.51771707407129
55 375.4686236310414 261.98834342425
56 95.12392538253113 335.60456192258897
57 435.52547193380445 263.34535360830193
58 18.073375343883473 40.6140917402799
59 391.0532801759883 116.78421388576085
60 67.37785395859177 348.76838222820504
61 77.81159019199778 262.0046913016514
62 489.68502460382587 447.84240769681594
63 314.0557921711217 437.23357329824273
64 189.40811880474723 334.0490285459783
65 377.89766187440733 108.59359652225027
66 313.77305175602095 234.80603692590975
67 350.4423946740095 313.70688888098084
68 235.03638870380692 435.3668903601371
69 100.6604861544068 81.68119179435398
70 456.56588128755465 366.668823545438
71 348.52024079773435 377.7019908583785
72 56.87009349380346 387.7802972175528
73 495.3803769575525 476.68539094295585
74 365.46581588129897 260.01436172938907
75 350.0218990112574 4.83418544213068
76 434.6798519301566 432.11529519344583
77 408.9849250775693 392.48341745930014
78 245.09600124444782 345.92296353641814
79 55.06796803384985 292.32211922818817
80 231.37863850101442 125.57272767043257
81 388.94638896520286 132.93418808018717
82 338.63087347180647 134.59814484121898
83 349.8712554265947 256.6141249394789
84 301.2786450972193 60.26970711794654
85 450.3209708563419 242.5823036434444
86 206.71085540868188 363.1248103074548
87 151.29577374780507 375.0496086056413
88 171.55160866767082 103.92251416706611
89 354.6682815650708 341.06287603006564
90 119.49218232681623 398.19116343224323
91 484.6337652126839 165.69986096583352
92 196.06828080596608 427.1279322802261
93 351.83932153013325 43.97700417746909
94 289.6325823180612 226.85622024892587
95 281.21413190452216 171.7829091769884
96 463.04294104502105 183.95012523292127
97 460.8711283980926 375.25720636193574
98 312.2634938839703 461.6952028117564
99 70.70548621050101 305.2970342417342
100 388.1586783311847 360.76989773353876
101 499.47655684308074 193.29246869230076
102 301.249841012535 424.90462759264295
103 309.22710521087157 156.76722309344916
104 44.09918941217354 399.6036293027315
105 190.86729238079 314.3324372446732
106 326.28788024690255 12.199182009275557
107 247.6311268750286 490.24938605341805
108 394.662964187232 371.3487254712109
109 304.89849395452325 85.94020101402612
110 391.64210644263335 140.5825438941944
111 363.5692008711747 257.986709381563
112 227.88558062466123 58.662708444029874
113 404.77326783496125 346.5132789654708
114 316.5718548987855 216.32397956500867
115 484.2069579722762 127.36263395629729
116 232.8458411837084 461.4328248849028
117 418.79539374064694 279.1423367486193
118 4.748508171824519 202.72285664161797
119 380.69941008100494 91.04510229505705
120 241.08167864670742 337.04352066582896
121 355.908419867807 342.3270858499877
122 214.2139713868333 463.4931424333212
123 221.79082029518804 399.46659108024676
124 327.7914475834967 51.8984549348155
125 124.00943202154254 38.31901392729481
126 56.6812459674616 197.8498038099529
127 403.1520915798649 150.034403428814
128 60.24649575933589 95.90433242488938
129 32.27594575094725 447.1103729714229
130 105.22797089983752 418.62928762941755
131 394.3190828215425 16.715704475520894
132 326.09076235427875 273.8733943305367
133 178.99398405202805 36.339018048781206
134 74.6834889617976 15.025904317239469
135 378.3450613386067 197.8920544636939
136 275.45315919381113 202.05188773490624
137 57.62573354987339 438.6286091228795
138 204.26049740244105 119.77638698902169
139 65.53069689073891 316.6276877508445
140 72.04856024626999 360.23113368220413
141 340.1050918175831 436.1336977857752
142 66.23181437418069 61.874482306098585
143 209.84463082247467 116.74627325923642
144 233.69314438862986 69.14863705906585
145 404.59927851169283 104.3092599238342
146 172.70325714569947 375.1476849474178
147 457.8982456154667 424.3605951485791
148 491.90987563602243 411.13597409429957
149 330.224893903684 118.1741700192803
150 354.7832044581352 402.278124930313
151 311.58761249347344 462.74969887113645
152 223.5499740860618 197.22065801263045
153 174.4566460129436 387.58815198278944
154 35.69982038919851 203.09956662082612
155 90.76605198485282 258.7280720323618
156 127.60600873096465 263.1389090216232
157 496.21707392965163 309.31180300260695
158 133.66656061317775 68.25280862180698
159 410.56053518022026 470.9013118988268
160 436.6425363106148 439.9664358488923
161 196.88547733473797 42.869087194030165
162 443.5468525684956 82.53106637262037
163 316.19528220249197 111.45292736411217
164 95.52002560904663 223.32421846537147
165 401.7144134000538 338.48198138777633
166 499.6186936012198 303.49789913877237
167 355.4356997739333 273.35666375783484
168 463.3378308596394 262.36635068611974
169 183.39200467056793 73.59672583219081
170 22.989935415744593 242.20923709609963
171 461.0160927849908 56.15903190314628
172 185.77191260134728 412.00692108621394
173 114.73830339676604 298.77114938158513
174 192.46498023734043 466.1218723525668
175 175.6643552061228 66.7263887477267
176 74.2333272103768 237.09304691431777
177 203.77410896143857 171.9428168321901
178 88.9139071114267 251.52027942980985
179 360.58686994665874 439.6013816195417
180 380.52303787274366 467.4809759848823
181 432.6503158956961 345.3471730914827
182 323.4444140648463 368.0438341609398
183 142.52698350976115 486.8629279935634
184 34.90884052492668 20.22246455009028
185 223.17637949818229 436.6056446086038
186 433.92774759637274 163.14647196556572
187 13.760370900558756 198.63456894990998
188 25.80040172421417 364.31822295204967
189 290.93579364802156 386.7528764843649
190 306.67921798795714 283.5708133984033
191 80.64041400836801 433.6356033722805
192 198.44789215846902 70.7457378403528
193 455.2272536785099 102.222785732996
194 474.34396051844726 452.16880913064955
195 116.55703210052224 267.4194491293463
196 418.3402314206119 90.71819183343042
197 123.31949222060912 420.0630085174063
198 274.2890673877492 380.65086133841265
199 184.42216603628194 111.19397796739673
200 136.22864052377813 350.38184539992864
201 276.75818839316884 43.89713440906124
202 492.0524928740424 0.09553711397372211
203 218.04520926145176 301.36811731452354
204 35.95119303399224 439.4086205022439
205 401.7132555319105 257.40437641632747
206 205.64976321349823 326.3019017962456
207 83.01171783810962 15.21944706093826
208 52.48436364832601 262.19106787414086
209 463.6047473262404 289.336200478316
210 216.78921100808648 390.31637506997504
211 259.92853952769616 491.327185299709
212 196.8970896565636 152.5967822230438
213 115.49566889222186 397.33932053992027
214 29.296440902462884 318.71637289272917
215 412.14884722424586 125.66516044658256
216 229.13340757093377 78.48913741143399
217 480.9899289180324 304.10474341293707
218 9.298929239827077 232.48253731520904
219 239.34020555778707 201.49930930007076
220 356.7991393017835 192.4715738812837
221 450.623842590684 283.6123927194158
222 446.9713785847023 289.54167914251815
223 129.50897306038735 56.484160349054406
224 253.37873122390258 100.5622917122543
225 96.98932065633076 296.49062658077685
226 386.8928604684569 307.3125751813488
227 249.34438148110226 194.6029874659797
228 327.557739175078 357.7564658626215
229 392.0771057973092 213.7604807008553
230 221.31622166862618 31.83636801388593
231 344.99553865119105 412.8458954576318
232 282.5769470166202 305.6830422844049
233 58.57838204801972 285.4839477736713
234 141.90075378318522 243.32396760251106
235 145.64460316733494 177.77070551586468
236 149.79378723626135 19.813093350250835
237 31.13285340819396 134.08597182170564
238 197.70886643543383 3.202131744030228
239 387.4894631472621 95.3409132384951