0 114.89400804761809 416.34849095975784
1 195.10423413901052 292.02704699950937
2 182.10247310111555 122.02797374491988
3 224.88993197768733 500.1973594277526
4 117.00722379934994 74.95399094395721
5 247.13636920571233 77.37116757409669
6 123.9923216109521 13.922848284237178
7 409.05888603245006 165.16185410697
8 467.70162792882616 187.74180440834652
9 239.84802011412532 437.9171356489936
10 291.29728362463095 141.74949194896016
11 279.67437050047346 80.96185413863034
12 28.5162061408132 364.6642664247598
13 260.2442098322779 498.92956049603316
14 292.18393744988873 430.5313102253114
15 374.0173793664222 363.62823244152884
16 369.35048453375543 387.0527025258613
17 380.53134255152094 74.35150527974173
18 322.6235733825488 474.25288787012425
19 442.0152910971273 64.66871865118193
20 184.59242125541246 391.2577911430721
21 81.62294390765437 377.50546104279636
22 402.45860772777195 217.94692789263797
23 81.16514754666949 370.76091820603153
24 465.1204751788449 241.37557530486725
25 409.1807775024785 394.7989850564015
26 89.99375117660603 362.15811690307993
27 484.5491189996126 257.89738036093974
28 403.7933928866448 441.4539113838949
29 143.61728429536416 322.14213314914
30 258.3502087343106 393.8031941641681
31 148.99281543412084 70.3145657191504
32 209.29089877454874 48.823666756902966
33 436.73500961250033 42.033563667843076
34 125.0710932120419 288.6968768221262
35 60.66727019365924 62.787968876274704
36 74.41845255549994 201.4492115377663
37 428.92883369748137 283.52253600255546
38 386.7164675897857 32.26317621246756
39 433.6853867949398 108.12512358702689
40 201.23956879279157 454.4429081853939
41 53.126793731341124 204.5036701309197
42 389.4361721329383 248.20151508898053
43 260.49359667325615 383.93889909064507
44 397.648806752244 296.1378865876874
45 304.89529458199337 291.05154453716017
46 437.75886276864577 336.12747555770244
47 36.10949992916433 473.0327814110537
48 390.2488020215986 303.3638718799252
49 401.38442528910747 54.75226398559362
50 429.0853232857782 163.4572180229685
51 127.50636005810097 448.9803131050285
52 119.64462362590267 25.82039365889468
53 395.0392345354923 174.2388692030979
54 154.624615976064 460.0556734174046
55 410.69513140837535 128.73081453962038
56 411.51858545891156 335.6920729290679
57 398.2527306366493 315.3877087522439
58 219.76107728914553 195.41752289376635
59 410.30478209964025 314.3232055617167
60 33.099120507737766 67.90037143325758
61 225.3863137226732 21.882828053825357
62 157.09064473152424 365.400899277153
63 303.7119009647714 452.04014395951793
64 299.8866040626164 448.63651836775443
65 377.8335885484642 173.10535772907764
66 450.61468209001407 193.78306708365525
67 271.02003396428637 288.58441529377484
68 466.7497231907952 374.0698834194127
69 413.05311256405355 126.55488529824568
70 284.82962870181274 436.1577503793642
71 306.4398916786077 203.10964492167116
72 328.75548396716516 295.3766044432087
73 382.74603887923 316.26002010298436
74 492.70068091196 41.94363031040157
75 226.87084719811517 29.18734517875386
76 29.34622604344725 26.482846967224486
77 128.60442898598103 163.88493765398448
78 259.7580068791135 110.5234762771515
79 239.73492200740603 314.04232001616583
80 224.726911487373 465.167208957052
81 367.30583279706923 322.48915433145874
82 314.8034154493646 144.78348857446642
83 52.36357839970341 67.6385035151772
84 367.5759716206332 305.41689065472696
85 102.68019828530757 362.14740449292054
86 412.9661258359173 287.5724471169576
87 141.4885048196096 209.44717618871238
88 12.4429227959197 487.18212426048206
89 58.224577635922515 165.88679252833066
90 84.0956596083578 305.84999397750545
91 409.63689557444724 1.9797586723170082
92 154.44614309132072 196.9233451610192
93 405.39180044605297 403.64811058075026
94 221.73029642858893 240.54390191721916
95 97.48217614970955 438.4169438099598
96 235.13406192254345 421.59574504948205
97 226.3284054449547 82.22840861953452
98 207.12926807953338 250.38548866164288
99 441.45088833509374 119.91648991756223
100 101.6229567159578 121.9656027877887
101 262.988087121997 316.4119427468802
102 418.10699411226676 309.2430179032137
103 168.13646616492557 345.431522082691
104 298.37473928886664 276.4030520202119
105 108.79613164032472 44.74635326208743
106 57.65777628584231 40.722459550999694
107 94.32081471471653 190.12140672418565
108 208.22800446755397 109.54572991449568
109 162.29075127837086 99.67126928642475
110 402.60898263538377 101.05515532119426
111 160.65434437010296 48.68726650186822
112 197.54550335780502 5.477865255393949
113 250.41702693976836 102.95624746407016
114 150.79119433382093 133.5419898865874
115 408.2953091533136 181.2141746709216
116 17.591563892088157 179.31936598188634
117 481.3993493101411 337.65516315446064
118 231.46356641455756 467.0735054290055
119 499.0592249038644 463.351980256115
120 368.5023933708997 338.3693785399164
121 493.3680122102103 332.0340624155252
122 498.9826179613243 327.49552621827263
123 19.87912258010411 152.91688899350495
124 128.46295359580063 178.1989202020578
125 404.16582259451013 44.179410288831264
126 413.9528036165103 485.83992889695065
127 434.62748340038695 117.2457850094567
128 412.9533022514961 183.33700820032195
129 380.0104815291521 142.24399377975845
130 410.3470708160041 356.6898600698091
131 152.60045804811972 70.88527260772152
132 201.17794555759343 323.4450025384795
133 374.9385296758556 4.537239604907767
134 271.33579566198597 226.19916005773155
135 360.2155115459888 31.447665762570747
136 456.04138326843685 373.12344821869704
137 215.20660041746132 204.91717150519347
138 480.81225331607266 376.535417595458
139 309.722756344195 296.7156471296019
140 222.28314094801524 197.74618227449307
141 328.07583760874036 342.19095010112727
142 117.85299716055083 20.766179170194373
143 462.9813205287493 383.32789509429506
144 376.63551165849174 476.9660771978545
145 32.65517256208332 231.4810745118486
146 16.601366066694627 89.45788335738378
147 450.6010547548074 498.6276656945358
148 268.1174624972083 454.78701817917784
149 455.72925379528846 75.76420737811529
150 500.3124977506471 7.507017721483796
151 475.00065978649417 224.50615387909224
152 166.82772281996645 452.34664625573464
153 222.74697424467155 371.0397659674028
154 157.54796677185422 267.97302757789447
155 382.18288539309725 239.32296808316462
156 19.850617834922506 471.80436400332223
157 255.39601992936878 419.83517007924945
158 249.7584811456466 189.93264962270382
159 271.2776249239598 3.2355015228441344
160 168.1377054650481 372.9791918579104
161 64.43969458754981 465.0049080927014
162 426.742849443478 412.6248451160111
163 123.15367949240147 489.519411009151
164 284.47861965563675 215.63192317631592
165 115.74132108996217 56.03038279606986
166 108.72151424100431 264.4063602358778
167 62.64992277247569 127.71208746749276
168 432.9243609291102 487.5362519757549
169 423.65239576396567 415.2775751604064
170 480.0129347095887 310.28698003918186
171 489.2267485883765 305.66124311017165
172 259.27632911411985 59.733168418928386
173 180.1900017342271 159.91952129157667
174 160.55107315126605 467.06429834567734
175 434.08849870563665 329.8106599556402
176 463.50434278393755 356.61342663042245
177 347.67942971603986 413.480786299232
178 291.7322720054945 232.32744698836174
179 142.07768954733478 445.30498201397694
180 309.2070112532084 305.72243590219114
181 245.78774006463192 396.2107548787389
182 329.32990677365706 183.84927453251666
183 474.89182109749294 79.74583846043872
184 80.47764767694657 324.43212231478344
185 331.1239644227886 279.74291114614203
186 29.46492595082023 23.136593345345414
187 374.4234784653977 142.68105693611167
188 487.7890107132872 158.87439925312958
189 446.83190100186545 160.74708803007994
190 192.870637281526 85.15792166197737
191 263.2746624154015 302.15920577188626
192 167.76026112914343 64.78062587020862
193 479.8510637271044 165.53175051124236
194 368.9400716608368 335.5183731244305
195 346.74595108645275 320.9313325242649
196 61.91929762983246 416.1217479685256
197 468.77178780796066 309.80331167699325
198 363.29416828244183 19.6010943101171
199 440.85140307672407 131.13211895552152
200 37.8237799042599 463.69347422353457
201 336.4601452828752 366.03951228708075
202 493.85898170911383 251.44489899374207
203 60.15991983255517 465.522278786573
204 295.1541935365124 97.0412083481214
205 47.87846033297022 116.18389641272559
206 174.69033737162795 432.37756311577346
207 129.5138543366311 477.624384760414
208 184.64211173307186 71.36909385502382
209 116.77719362906987 492.61846983612304
210 43.034095111281346 55.67428362444201
211 293.9257146805423 431.33405212847805
212 218.94707943857694 294.3278061632622
213 5.1841236179356 223.6214953850903
214 445.3604136774586 43.76096299971399
215 455.20363380168 130.8386240376276
216 153.84521879823242 401.82566147168876
217 100.86632152203488 259.7674558987827
218 245.36013473523101 394.7316994457464
219 259.1064203749465 419.92525233546723
220 171.3430897892784 464.2574046556448
221 57.191023397553856 326.97635923092133
222 42.141772612956245 58.20008110367322
223 402.0790823709444 175.01050807346076
224 297.57981166109676 290.7953837212454
225 433.06092215415845 133.16914349637165
226 485.1172320776089 75.75382477909004
227 232.8694329703766 379.47351600954977
228 327.63092301525387 433.63755892632236
229 166.84983730432032 345.73651000989224
230 24.31454999802268 124.53232394141766
231 277.576674079063 439.124676467678
232 149.57716906936116 103.3568935946862
233 78.51440106068017 85.27803544141422
234 67.10607807030335 270.6964934471355
235 405.9327127101975 79.8918979338413
236 485.4515782210839 357.74663818933357
237 174.3076700236321 331.3186181465872
238 86.59023449225533 325.8106138554787
239 12.866974832322695 254.05654932296363
240 183.92795299958513 9.806073334964882
241 196.77036453419737 215.95935282510902
242 422.1151559080404 346.40562624518464
243 201.65552047527697 113.62099183962265
244 352.86424577022166 382.7612046917339
245 462.9255142884403 360.66978021608986
246 76.68251562132227 431.24340496206014
247 64.2051910979226 260.63982844484855
248 194.0640077363729 95.26503136170848
249 158.85237279635248 482.67861718119025
250 488.2199028547128 100.05153012803368
251 321.2736639319866 64.59686149795141
252 88.86913151058059 263.1717202221049
253 404.06527849745413 165.66994747945188
254 324.95986854591445 167.7481284016127
255 155.67611071115567 8.159810732559603
256 53.447288565110725 48.52948330559667
257 486.3732616594437 291.7419972482652
258 47.414013794670446 133.42633741507737
259 250.77927204316111 107.89476347212077
260 344.88732289426565 186.6864644925753
261 342.14631750030264 251.83527765912527
262 34.68045414811132 260.6177794740293
263 121.83373068703558 110.7725174935325
264 102.46572970847288 183.65430198973158
265 438.16388710106395 205.08754351107734
266 246.0727334865976 115.60483510730124
267 497.9451539331286 278.5486354017797
268 53.697752982562264 51.12383336769301
269 356.47154493721206 247.82212999879178
270 496.30883798062257 485.8009116830615
271 94.73529954628442 194.34953143210194
272 410.0361746871469 36.777471520674595
273 13.921542845406776 1.127097754464089
274 46.74813378723558 194.46856860119533
275 290.99360399540035 165.0463236895287
276 232.33113915573253 449.79282657036265
277 58.32303381467716 247.23193877026608
278 350.4148901547721 495.29481745824717
279 285.869979456431 399.24869435474653
280 162.4143803030005 299.6821282061752
281 112.37778592663754 354.13903067238607
282 384.7964915599182 296.5931638084754
283 7.409843612803588 280.0006887014033
284 21.420967449696985 104.86184057981693
285 174.8271314463118 383.2168196505773
286 183.6545936771386 159.15204859672423
287 112.48194528371519 176.51053494595575
288 435.71199346068516 324.5971548922011
289 92.48589046604123 366.7117590063958
290 248.33766648391622 70.99899086206143
291 66.39989418931017 348.4964195079056
292 241.51145906300584 19.215807781770778
293 158.0891820774025 389.38600228775096
294 175.33297400108464 175.60021296833597