0 199.7216044665232 46.775319216529844
1 411.46756667311564 175.46502245855507
2 497.93576215837066 222.50084479959435
3 194.76373727380636 386.73404574717847
4 191.8031839010328 201.34938193151598
5 424.7541780027211 427.15410586609744
6 271.06012814883644 458.76528782263705
7 162.98037857833953 26.562207026432755
8 480.4378334184357 264.33947259465606
9 81.19923662456988 235.40673151475065
10 182.34791756796832 498.85299159822847
11 487.3423887534343 444.69773544033376
12 474.2852217652813 106.26416442488322
13 336.2525623489225 107.85906314881102
14 351.6271726709237 217.4613275978816
15 194.64025856499785 425.7910010642475
16 36.638653680088574 75.74075311847614
17 403.662109687424 227.54317362843582
18 476.5275930782772 375.263290413612
19 399.8863213132765 307.74411129287057
20 108.3386353250442 249.19358629725608
21 224.18138366706577 426.33765485212956
22 220.3211079369288 145.83202263192848
23 207.2406865618518 250.23560122530972
24 31.162381097677486 0.812224923076521
25 191.03900097012718 21.2119375718436
26 176.13858792273817 130.35620428600433
27 397.50579495003274 292.7361979750725
28 356.8024485000243 493.65389971859844
29 185.095980893825 145.4714768434296
30 231.30120944403896 497.66582685031926
31 484.74042960919724 387.84764760755525
32 11.797853849757361 293.0349365342039
33 97.86663617807612 310.46070689517796
34 296.7546642558397 44.33779895361707
35 400.7939842425981 224.04660273946604
36 361.0308891054629 480.60551291703644
37 137.8288982887427 96.43090249347843
38 475.84443942281484 90.90102695491828
39 155.81164795036403 280.1656080284024
40 280.6530037887647 201.75240115831693
41 342.6996597837164 463.5298468555921
42 376.9205362797147 221.41044368761936
43 467.01149722899623 168.1933794222867
44 43.552923749843 277.22418325537336
45 348.6011661844773 301.12052904161277
46 405.5099018529311 52.9095128014498
47 459.2840693740508 466.22603739004984
48 382.73043421564523 70.12343255667314
49 91.29408104063528 491.88572234997537
50 482.04478088398685 304.55079772228646
51 189.41534425871254 340.65176249335195
52 257.1888980833312 479.66046324126586
53 235.90301398193063 337.4255061407314
54 273.38535523720935 68.39399201366602
55 339.9838169664367 415.9006044428058
56 477.2100526132183 6.3131610646290826
57 254.81037060787733 375.3048998939242
58 141.62489003057993 335.15110840947864
59 71.23250986280352 435.3415583881092
60 431.12412188910037 16.28736587639271
61 214.64420576004153 191.75845916105362
62 134.915712211867 406.3982942237631
63 156.4666775068416 420.1590091268985
64 330.93871727812905 388.4224201259403
65 434.53598008728727 500.5089984842222
66 482.3042819791868 2.023712847963751
67 114.77799699585044 130.2904442154995
68 477.43961924924565 418.93637999054766
69 317.0738529233501 346.40736932851024
70 165.8136118460221 457.9311568768366
71 224.1459635493092 273.75757772653765
72 192.62693891153708 445.65538762709116
73 283.6274599127036 457.8504394384685
74 288.2613796028824 37.268866168033625
75 385.2174444337624 17.972908817033016
76 194.59974889876383 279.6217721040611
77 349.9697822748918 350.18414567316245
78 42.55197877741449 46.70310066158442
79 456.31489080255534 10.853659016675042
80 291.2525662464661 176.22546336795358
81 25.372074806997762 454.5488899111049
82 267.43072966469634 498.50591513511824
83 292.47428373276006 204.8251534600521
84 426.39698218864385 183.25308896551064
85 335.5974333852348 130.8739970371361
86 140.9386774338281 256.47678650505003
87 351.5634297481321 439.0458400661702
88 211.17158635774348 341.4994834527747
89 378.4689727980721 83.97856059370075
90 243.05609213306658 195.96760430616732
91 348.7813722929451 337.4356050202795
92 214.8536706847286 330.83600634161434
93 484.93826659395666 291.9855556164387
94 294.273108297839 17.53043979716734
95 79.08979947014669 215.3399033098008
96 398.4358343537839 285.8802230758652
97 135.82986673366818 212.50621948808282
98 42.07563764758843 19.95779469436536
99 139.37718837949612 303.91128428180957
100 217.58081460057141 121.66149793012086
101 452.68773016919096 141.30186775162738
102 369.58494405015455 225.73472631741888
103 407.4063909303056 235.54061074216025
104 36.817855078371764 345.9271018489463
105 164.3992544241698 218.380030001795
106 322.8391150236451 399.1724195033593
107 271.84659183423145 357.9199808289096
108 115.09389552088167 445.9831638878389
109 128.52276049605908 214.73206159754147
110 407.4547704288708 113.74283723544951
111 223.94028019614103 56.569199518472715
112 61.04275631458627 81.21525964349482
113 48.494173680661724 352.169149909294
114 85.6571194418511 154.38371799114822
115 37.606079555462046 414.90814867659344
116 278.58576968281847 421.6829541364804
117 211.13875930287242 26.963859645441392
118 74.91689682924695 152.79384664223028
119 413.0282383038982 129.20671960825842
120 34.727027361681984 92.43289469860281
121 152.1635034464646 451.2541322390292
122 134.6822709525236 3.9877138689659377
123 54.0335170824308 273.9946458204139
124 433.6565135656474 348.42511100749766
125 310.55620096748197 317.41686517547487
126 186.9440790848796 212.62939760288677
127 314.80628628171513 71.76311271784472
128 165.5244834927833 162.21680053775412
129 333.06674010007214 268.8680720952953
130 216.62260564719284 450.91506141560825
131 117.74255905056718 14.040187059545058
132 79.50033750372701 107.798409613471
133 340.1966496720634 21.996603975768153
134 34.01433733457816 244.0236159471873
135 41.49382892776238 249.1721332657259
136 190.979205647462 482.22629952978644
137 67.37237957541812 165.1885703369325
138 106.78679502484131 313.4050987993442
139 34.50142630362061 313.3926482045654
140 413.049593452012 273.9467146097535
141 439.22842156901265 245.1493698537718
142 285.259805518346 227.4263227197673
143 384.57220683548485 395.01197329936105
144 395.585456695493 204.9554200516621
145 236.17575972258203 406.9804730527267
146 383.9615406977729 158.14321685689856
147 169.29632708371813 438.80807609304935
148 493.5757089307327 173.18774509688492
149 176.68169412268549 452.7178552761584
150 194.6975490458743 139.219556488314
151 62.35789436313952 35.95170706837487
152 500.55477210705527 83.78329112386103
153 310.9365234167885 328.289345773358
154 138.62099139473693 365.2614798729099
155 464.0393393950456 166.04756492082325
156 423.2472151225907 157.1201633787445
157 293.8332082038761 162.09756340452978
158 383.04254847281305 186.08734951859654
159 77.47015317784484 468.12351419401426
160 183.78989281543988 433.76290009529157
161 206.43548218399064 107.68582799679282
162 381.96808894278377 87.70256928194101
163 177.4209075835268 371.64983838102916
164 271.1447758039492 323.7189763782181
165 221.360447222066 368.19393060485805
166 423.60252443636443 54.99878394552896
167 404.6932720200712 18.92070756404464
168 478.56587248620303 174.64811259371345
169 37.751167764084116 402.5606552608898
170 380.30804106312024 361.4470092328928
171 100.40680009012462 41.37966825692628
172 1.233317894020784 445.9191489263765
173 138.7653791484848 446.6803721968903
174 500.7549808570261 435.30433167300623
175 281.73329190457025 379.7214801000472
176 289.4181837539428 212.65891368152492
177 35.755761794258426 90.97050927107668
178 191.2537903350321 94.10356576633457
179 483.879576903397 466.85202121894577
180 153.79106578678702 356.1875595710967
181 311.5677576972413 304.0569938843958
182 377.5061341925471 49.44549666621789
183 349.36929514529965 212.0385234394925
184 299.7378122284771 389.4850381902528
185 370.63068356805286 387.53472967776594
186 133.2635577154343 212.3631294222451
187 439.9247197536816 347.8320420754832
188 23.795729559288016 35.583183190157094
189 461.7678669495578 9.01010697766942
190 431.63198630321637 466.7776961798442
191 378.4991872822696 325.5943057663607
192 493.5734166579814 269.02780732944234
193 131.9016380348488 52.88262994438955
194 445.01030757167075 186.81566694392632
195 69.26110030045497 86.71078762438883
196 99.76765668649756 158.8056086582933
197 424.07889979089265 161.57255860651233
198 0.9013356277359098 414.0064891716213
199 349.5800726943107 137.8222738149101
200 59.14052165441793 4.380205164615508
201 224.493180030913 484.15177938191664
202 383.08338432120433 210.6305892229916
203 54.31618571613839 495.656729768861
204 496.57004804678763 339.7318131806561
205 334.428772325684 244.5847985361329
206 301.8808797120544 373.736998858897
207 124.96307832087302 194.29369162554738
208 425.53773178303425 32.54537040311772
209 411.30288806051306 396.036934066881
210 14.522078050038708 264.6003675120885
211 471.4455897285592 174.94306149240887
212 141.66617476138669 337.94119702541195
213 100.2315646395 217.95677590448904
214 148.82235310004847 186.63668992603826
215 469.6228083971568 479.57041093932827
216 160.17000061059846 348.39323846325215
217 271.79502444665604 382.88983687462843
218 445.6812572212853 327.0474091035794
219 74.79728640504185 329.9508168911084
220 472.3336369279825 468.7289271811174
221 406.9284274007374 95.23057256255015
222 254.13161473301065 428.71138466772004
223 159.7812249018267 279.9832783445588
224 13.378853928368075 109.35556152389395
225 319.1136557222642 77.36970372348287
226 232.9290274137254 476.0942335343294
227 310.32030377382597 243.3476820827023
228 367.3356829121727 465.10755634420025
229 0.2980028275004952 257.9438588705189
230 328.9199050896567 299.19460392113774
231 451.926144087096 349.83642180365587
232 324.77976498505814 326.35912365028213
233 19.215460958982206 180.14463119250524
234 249.67646461599853 132.7969157219331
235 282.4179383429607 185.94265750040174
236 98.54952574016903 48.29694336573277
237 16.0364757346264 253.29407116600927
238 256.13696324915907 285.5501170721749
239 128.72423337621169 116.53727098337065
240 59.80645403261661 372.49731896932826
241 477.52193314708484 92.14361569535214
242 226.23928496500548 202.6418669544576
243 458.7455166458618 493.7165081147943
244 24.05169018742273 455.2023893044572
245 76.10704189462831 333.60345648107506
246 75.78636595307113 337.0878765743482
247 410.328489964637 195.15238977593523
248 231.96228015814398 82.93992492110229
249 19.591163996271348 417.85950149320985
250 239.03162636734626 349.9057782948805
251 333.65269261530835 67.5279231963007
252 285.16040176139404 159.38114212843973
253 430.35897661685834 477.08480906926707
254 34.72271165931488 310.69310181785403
255 442.58036163278905 442.8890575545364
256 438.2786544798837 181.58125349079955
257 451.30919349364166 69.20262984960993
258 385.5918337543082 172.37895409741537
259 320.7702695876576 56.99555359151912
260 254.9350213112062 65.99709462653101
261 373.9162027608871 146.40805178509578
262 450.53098180216847 434.16878483880055
263 145.60628953861948 317.0026626197122
264 281.48044111261225 282.92650498236577
265 201.10080103840517 244.40527518016555
266 398.94028903055346 17.95192738624089
267 109.24155813549885 454.05575854011784
268 493.6324991349982 395.2638658994186
269 204.83541417521246 37.56756153189566