0 118.10238568292758 152.81249004211688
1 225.64572531591557 117.87303947364838
2 205.8086889625031 150.96682963738402
3 413.76571614102704 5.643347942978309
4 105.39127426007313 99.34581082525321
5 441.53962658317397 78.79173687442265
6 423.77089977856815 342.7864628262449
7 93.3890332872476 445.6152086234099
8 230.7084351248036 279.006338745202
9 84.16254117184698 56.994204757501564
10 376.9474055763354 405.9568577284983
11 455.6756824302672 365.4876096684904
12 105.14462451551354 319.3570101426176
13 249.0215001703841 109.61628514258966
14 9.571201015703215 419.31781384457196
15 179.6250798293161 458.5215490729532
16 274.77425153318217 153.30857983739975
17 77.30103258488042 216.72853108195906
18 471.0039825861315 265.71320028955915
19 83.76569991583244 176.44493537247445
20 374.2312062940021 120.87807214996351
21 408.1540620200491 208.68183396555224
22 371.00705653273917 349.8625869295182
23 430.0966000627539 79.4959707386013
24 494.2499888531554 190.06919524473858
25 61.82225728857615 53.82211844187843
26 17.283967319852838 105.55205729540533
27 26.571129938831398 226.68893133357466
28 301.0976338076838 428.08149379906837
29 114.32408801614838 164.09347560936044
30 219.84574934189487 493.97615464981686
31 26.486387265934365 338.4470561923101
32 90.07239021264051 470.3056365020365
33 86.69877845196145 499.2992861707197
34 407.99948995890037 287.3131682744693
35 418.3913341667726 73.99688449107907
36 64.49492420855569 368.81162458461495
37 157.04463824919145 382.04097669514124
38 430.011072971882 104.86545379447449
39 371.37722177404544 396.16865915163146
40 268.86775390076383 317.2869184823863
41 81.83974319352649 58.60380017294726
42 9.742786882592167 238.34728949386607
43 198.86333807244583 107.49743152682991
44 223.12876974166477 381.6317876832167
45 167.28362008306192 156.30919815448192
46 480.8166633201602 472.1518093960595
47 324.2414840163737 303.7691902300096
48 436.1745536892082 488.66854118171267
49 237.64788260847007 323.1034380099475
50 17.104285970267394 209.6794292106615
51 271.99247285035227 57.406645121392614
52 86.07936159089547 48.67203691135925
53 187.87431939437252 464.4017653189182
54 256.59383460533405 348.0595784103947
55 332.13784490877055 335.33932172770653
56 309.68548579932957 219.67818356728688
57 321.90859381705417 101.45785824479529
58 256.93522026634804 452.84785218754297
59 154.14014134757826 215.25223503247435
60 124.49076915008591 423.77773987204205
61 304.5079335790002 17.77802920367763
62 439.21395301436064 440.5305869234678
63 174.61500747211457 150.35788376616375
64 187.00914035030922 389.85220308486726
65 188.51101818102603 465.3496284689731
66 223.7547289482095 69.91890946400578
67 385.4684504499916 104.08609169278355
68 158.02982619384312 84.45899848834415
69 90.8082892301035 347.7033227184186
70 241.005306984418 189.7642675670387
71 92.32241382372992 40.33603015335985
72 119.45114424596586 37.82289976431669
73 225.5012015411494 419.07866957016574
74 85.8015687773088 296.17757020260564
75 434.34207199962515 360.1852059220004
76 79.61455754272367 188.1407538815371
77 121.9883898772386 137.21253046867008
78 243.5645749034379 104.68370244369001
79 38.828063118654754 1.1997523677207966
80 246.3148464223046 1.6565262599908606
81 489.9672506228034 477.5199258713437
82 409.23026806023034 441.9938459800629
83 361.1869776328658 60.74069226277268
84 362.9121200935945 246.21372117063902
85 296.5891558624403 91.6868340365586
86 71.9627745143358 390.8272841402754
87 312.1433172603109 388.9106035491713
88 35.22152679209755 408.2421446099029
89 283.2565117388358 374.94433206321355
90 349.95190602395354 271.3648947569878
91 480.30628270212236 269.03524815467546
92 98.10632167176885 397.3861504606698
93 226.80009879414627 61.543860438016985
94 172.84577241049672 128.16634944014757
95 309.45469811331526 400.82476314325777
96 185.9501774121282 278.23123639514114
97 421.0248053843385 173.2029686805489
98 74.61928990814707 49.6329650340846
99 272.1531358243783 19.608806317978214
100 321.4345721280223 410.83626097723123
101 444.862113483268 190.54103592120754
102 431.9292528385131 255.3484236583013
103 164.56283672629172 144.29035634530283
104 434.29676255457747 499.0280401703548
105 432.61767566319554 9.774686077967882
106 146.25684705746585 13.879094341795284
107 303.5605159452174 23.91251845863114
108 363.9945167741288 178.66557604460482
109 167.05215966421497 328.19223095920063
110 390.3883660398861 89.86636302047937
111 7.52831700556164 29.98303954281394
112 19.45305100107329 396.33079160412774
113 459.28369560655335 239.17683482929255
114 129.03488486894832 17.492595658048835
115 392.42827659774076 318.9509545795036
116 496.3200871323132 445.1529461411382
117 382.7501731802918 461.7977449625393
118 308.64173884871644 159.6531972509745
119 103.02461914046205 245.47989281629532
120 63.404927240881484 178.72361623560295
121 85.71976492661847 214.23935264412827
122 169.68845375718948 100.41634295234093
123 279.3670080911758 125.41267840573273
124 97.22706231714346 15.309390677850741
125 495.0877997647129 414.5874328764238
126 322.03011256998644 73.60283287698476
127 113.89813665110546 58.57160083475977
128 96.85033461561473 487.8192726826226
129 367.4484561968952 466.7421443450688
130 295.080734749731 231.5677849340655
131 50.79901998118707 165.7890309508423
132 114.42828662675598 214.23373983655318
133 286.67934335502616 62.47732827289999
134 443.8895446818391 198.51644181070205
135 245.4350916197593 206.81285868934458
136 4.136607782301484 306.45267537930863
137 286.5274355880503 20.91569891441376
138 181.4109629108921 475.93584004747566
139 63.016447554630574 177.98120061119073
140 47.41828578429311 314.7690130108874
141 446.9345892615269 319.9393187418855
142 163.51900638851342 378.97474050988126
143 11.83564299237553 106.81112584548079
144 122.71746698490013 489.42520804130487
145 411.0908275134737 112.30502946343778
146 146.5668828612987 333.8534599470427
147 116.6961650457765 391.89561338341554
148 224.12752445771125 215.9596346342892
149 408.45380454167224 135.48426551882773
150 394.54265597950354 459.6359469506603
151 386.3949005292212 153.7536348950942
152 248.62946136802722 141.29974947112427
153 482.22268369239174 33.496865202136604
154 109.12168040199876 7.946007030108494
155 136.3719572456471 205.52757228279845
156 102.84607736076464 101.80934181798061
157 256.00465055589353 268.2583321863173
158 8.166567763228366 355.4596057824155
159 66.89103477439646 343.67270363446886
160 303.48797704786745 119.74655728049296
161 196.66244838105035 387.2101439350794
162 271.4755656819852 341.25552441438845
163 100.36360982504897 323.0331944881813
164 364.9169714942861 336.8400114961844
165 445.5811682126657 68.25260830269735
166 227.83001735921627 421.35612115679527
167 134.6803822602352 478.9492198218429
168 408.50279874204364 387.9398938147264
169 429.8424906940413 470.2497789541827
170 270.641750350005 174.04056614638856
171 473.66300422434114 88.28959768780292
172 30.6989121067172 345.9511121920322
173 85.04483217009111 35.626024224927555
174 101.75123749576429 367.76212787686194
175 323.9996317996287 203.55460843222926
176 115.01310177799537 484.505487597658
177 139.75757336984393 58.82368913018243
178 53.17706131881202 387.7520318368994
179 388.27735522135015 284.4434289445772
180 372.2986797949348 236.0800678252136
181 38.84758814095924 389.641516065554
182 337.86784214833847 479.64158515137535
183 177.9749910822687 120.53085960974225
184 48.042139504471926 355.51864739281723
185 224.16650807421863 334.7231556593993
186 219.75702316852423 357.6846585786663
187 334.52935601475775 126.94762036584684
188 342.57294118625435 400.1633058641724
189 85.3369143614302 406.7155341023059
190 220.67161666670467 379.41273853111176
191 331.8383895659235 234.20902418618545
192 201.37130135767976 296.0533237673881
193 52.62571728588836 194.86639721631235
194 85.89548011116166 90.80430825764843
195 94.8144211927457 223.5864201032427
196 303.89967850235695 355.8981577961896
197 397.14300800734765 281.08074159794415
198 385.43797624279955 93.3008044503239
199 165.85075125741386 476.6658669484086
200 144.6338066066896 251.78183820337975
201 450.85482594495596 218.70549415787076
202 222.3088060419967 283.25105399060635
203 186.314986526748 228.98878453568983
204 279.21907003180246 75.80551113135014