0 80.14782406809529 247.5621018656267
1 177.3498500911868 164.6163736406024
2 94.43227392669526 61.91886055873567
3 390.9278732702435 234.12542533290573
4 361.93439857902416 14.99654606457735
5 206.42457949726736 47.01806942176075
6 49.17177973727003 462.1299561967391
7 490.8439894844661 51.093201742169775
8 35.53635861579055 222.9661632100083
9 367.0161742463996 62.45975364884831
10 224.99971102130397 427.3594118789793
11 165.44946298896681 95.45553977193883
12 460.8355792788627 220.43311114397446
13 352.53477204388594 71.30622009451719
14 244.61211075740678 222.32135062667214
15 429.53999358196955 339.8202995812581
16 375.4297770665402 216.58363506259397
17 450.884892193167 146.35097050379315
18 146.0107495996905 489.9244364130085
19 342.64451599994413 417.84602833654634
20 445.78183235888775 382.6429760221645
21 156.09360314351778 447.0545547335238
22 396.5353196054718 68.18876334760412
23 211.37478668588287 352.86203768338027
24 157.6007271131791 257.30528144053466
25 306.0504521313006 423.2855527115135
26 94.71536110299043 499.5061875493483
27 279.380724739291 256.8759175479659
28 276.9426978494135 493.04812527743377
29 215.65972181161106 419.1464538089056
30 141.05505711828147 294.13884843595076
31 464.8373229715554 129.17563454555423
32 190.7705339774797 87.85109813419542
33 437.9558867282827 355.71619089846354
34 248.11421828375475 211.10030700914177
35 317.63887966738895 6.983185967870282
36 101.95958794986299 408.088086154801
37 367.98309954368784 316.79166307986776
38 328.4987904828852 363.8138052356669
39 497.7263707087545 344.8668419118457
40 142.988572868363 379.6127176323838
41 69.48938950651493 471.96005287031284
42 391.62411483504513 143.19224954185336
43 187.22368653278076 119.86911449506324
44 120.80359084826998 415.306487953633
45 298.7363844152574 401.58404414432874
46 219.36420881828758 52.034441185594325
47 4.3086021057060595 304.5572590230093
48 223.59355362150723 207.60914256924258
49 335.9754363908589 17.53200418022877
50 215.95044371100676 160.88195868826077
51 71.99415585872885 435.45359909591934
52 139.46532296722006 188.80087714847676
53 374.39074995002045 390.7351129166614
54 443.7327341079078 40.73147264950733
55 54.24627963861583 177.55249171853524
56 174.25691535562174 54.055744236210415
57 311.5604561492103 416.9034990439275
58 492.666715475215 143.246760016071
59 81.11350866132419 375.88111615107306
60 64.97684083445633 392.535956216448
61 440.73632460940286 406.98339962820705
62 451.6400068368485 215.36511227448722
63 106.79440075525571 214.31101827968843
64 328.6081930339735 70.04653735727464
65 145.4929564075839 267.18734690224335
66 369.0010308237552 480.4426174050528
67 379.818624528332 253.07752332266074
68 89.26548193221623 168.01989156079236
69 345.54715337778964 98.67952956656158
70 223.90344711797573 421.3329092829574
71 318.76739427114006 199.7139299868795
72 481.94250897354186 358.84975725670154
73 35.798318005939464 150.24818665787436
74 50.32971258378349 146.0436814596088
75 226.20900592958748 433.357662347448
76 311.33987715345864 275.84412726130176
77 431.8906653142706 188.5471626650449
78 481.90685024666124 423.8659360169024
79 378.7753796565126 395.63531869417506
80 328.50995413912625 24.316698359094513
81 300.84797027370183 479.7387619048297
82 102.87784709393165 110.11999193737671
83 172.55526995716454 112.58367043731992
84 48.30792209874983 117.58628285186774
85 248.5816806655684 188.61961650353183
86 143.84193083114653 323.91320501930136
87 128.22994068851398 215.31359884199333
88 213.88710185056473 244.903825220003
89 294.32319731861264 148.56202327976118
90 132.1269104053745 319.5536365458677
91 166.62720108998568 461.3741383985467
92 91.72671841203143 411.5764598736265
93 237.28096873836873 46.85237055591229
94 295.9070357302412 177.51438010937295
95 215.61939480482394 391.02347648693905
96 448.9305680500216 100.80821207819479
97 422.0734372175025 235.25897954762345
98 93.42945317437629 15.093026427724864
99 316.541294060796 366.8640445477482
100 143.78470538698272 250.02679669583998
101 133.7382930744597 464.91126131439535
102 399.9627757047157 71.16074039148141
103 28.5536290808567 368.5487781150065
104 437.8125397417874 434.716180283662
105 497.369130100096 494.82225636151156
106 477.33077332423744 132.6455757556481
107 60.62788760950506 51.515423364408456
108 200.81563469907442 311.02425294080615
109 345.68004471268347 133.63653626399665
110 14.144743755728477 402.6444979817064
111 168.0784841668032 196.9560683160749
112 375.6383350611853 465.6653165056626
113 196.04908153118163 407.4356053248334
114 117.09761007131092 23.308632394609198
115 0.8177435460025064 294.4788696639417
116 122.64472794273505 451.886776555177
117 44.841340357251205 156.68266592320495
118 264.93321190080286 112.89633880614828
119 196.75965258985428 150.16898539761866
120 255.14604349821468 432.51970374745855
121 359.062359854852 25.639023676397493
122 385.95391530620077 265.6386036402444
123 137.0482241648234 11.005784972790494
124 143.26681913836234 451.38265569241565
125 239.64274596027883 381.8338728906798
126 311.17994449876437 133.3112349965969
127 428.0360503614533 334.84339572163697
128 440.98818281933865 497.55843608982764
129 382.9047163025898 369.4197496230179
130 2.523646339029516 297.6585047306183
131 264.18901202054997 456.4114519585948
132 68.35646354547646 143.31319351780652
133 55.01140548683224 415.49552347487236
134 72.59196015030092 275.06259980564437
135 492.3428298629189 34.043348101097656
136 54.09536148919133 168.67746568897942
137 465.4495913217971 112.72903253563268
138 233.98051655217975 137.1036725722375
139 276.9872787454281 273.08879133853765
140 416.1101583589076 193.95868727231317
141 497.8468249561207 59.86131098449496
142 455.172372820075 331.90466932627123
143 441.5038212432077 43.21777226478286
144 430.6219727213918 494.70466631390866
145 440.67355408238853 334.924629483305
146 206.40493912318544 428.405827584618
147 132.53247834801945 168.07304389402478
148 240.92058943497997 266.887625742244
149 427.63110645808985 425.2561074993882
150 322.1182337928306 135.96315207605787
151 132.89361509504636 232.977999778094
152 378.973961218614 266.3282216726722
153 462.7763580657557 52.63916621651849
154 107.84779427642547 64.91539781036595
155 221.74061195051368 437.6571274980603
156 407.38284805657656 336.6292357806569
157 12.683740394899662 457.15472674994436
158 480.67544538557087 320.01424723002407
159 149.86901391934973 104.17599170484978
160 18.418606610800275 0.13829000195654995
161 283.19550448661283 317.57421702287337
162 9.601389604967101 153.8620716961032
163 396.3580348867768 106.55778487028324
164 40.13274838301764 391.709269631017
165 399.5609372835842 150.37640026982018
166 406.4506605627663 28.75184859779346
167 500.9701995228257 80.78345591437989
168 423.7762676004036 429.28191879075155
169 377.01530981498604 96.72015198081453
170 67.1774081618099 45.553777379505135
171 406.98483975580456 437.13256311981786
172 428.0171298697842 280.54908157873814
173 347.09946552522325 179.95503027853314
174 480.6802319111892 346.5430873874594
175 354.39132146223926 284.0716487331656
176 328.6942771844458 260.231288025687
177 159.27054832042205 217.50186732635822
178 347.49182565682713 206.31372640658498
179 499.6176847846485 33.147509360967334
180 100.0962305111273 451.7279901978696
181 95.60505113174086 203.1852678195735
182 471.9562211725956 165.17212043763007
183 60.22059238837322 44.592006517922655
184 158.0027911181224 460.1651961049939
185 54.644568854411325 97.35015630466178
186 31.756957267261367 161.65596607538896
187 417.2122354741566 325.59575037509256
188 361.97800772511425 332.1089000637387
189 196.68530581566156 91.34430790454658
190 23.9093760157345 273.0722199087661
191 199.95005079754606 406.4575511590118
192 112.65266054203315 295.46385187768306
193 156.06200905147688 33.198970600073075
194 252.5804436919899 277.1990484683112
195 62.765088881595254 148.06670622503637
196 500.9846271128231 104.32726131911063
197 63.227134917193894 333.5895472402391
198 397.3492121590949 385.5461457701057
199 418.75466644222865 355.4250807124013
200 72.73538476415044 401.8169093513483
201 231.6759986994411 283.40841930228555
202 294.7713742848266 112.81804387022005
203 70.4152439967489 193.16619538121344
204 445.65086153256505 122.14324391341442
205 498.01875581457114 360.531944030752
206 202.36106273298023 388.47480481491937
207 295.041157942108 47.27810410002999
208 66.08506580896662 110.44486824904132
209 328.74990080450374 198.61356139971144