0 178.64498243510155 451.7650455605963
1 287.9908960923555 40.44095263870719
2 405.60449716073225 17.50036546311187
3 226.5865812767849 333.1940520575114
4 28.009957599274742 216.103049293038
5 255.94233590899293 465.2958684613753
6 283.7861389135031 246.15213565885085
7 106.1188251385909 189.267085636483
8 383.27897175161326 36.00084915328144
9 220.1016276625678 149.24802688642419
10 378.918356212387 474.4674713974843
11 408.7394033234482 286.7236062858168
12 495.2922044991023 459.6957444289638
13 356.74361456026844 483.2616903422663
14 199.7538463874981 362.2583491396938
15 467.346929462003 425.47343576339495
16 137.61141728358984 351.38633747368
17 257.7221303266579 276.91689563632843
18 271.2810856513814 480.6733668684527
19 402.6747356799974 90.3343040819547
20 213.5250019013783 337.72555440668276
21 3.439719797971632 23.4384357617277
22 246.04059763350145 12.006146933792108
23 346.63656283321626 302.4450081770454
24 419.21937684085856 84.55868591032421
25 155.56649081068912 30.685676668179198
26 436.85163460938014 320.383409794782
27 332.07207135388296 370.9303914918422
28 211.91746430836534 239.98825952263198
29 186.12172825805405 279.4975712531217
30 56.375188132050035 242.03976615198377
31 428.13024833697426 474.8376159174762
32 439.03504986813897 466.0980344796192
33 495.78132821249386 477.03751091824836
34 103.18888183125453 131.1363664157813
35 324.7792437556803 88.6132740487285
36 103.6558508850947 136.91794916842665
37 273.5243955665651 401.0325971791418
38 422.299853457847 259.330175048278
39 200.18058078854864 425.64081692648955
40 401.8759501193889 389.46215173803677
41 107.98235051142298 255.0517011831151
42 132.27104082740766 334.551251352326
43 320.9163888625061 161.60796094179815
44 236.81854384193412 327.9221492294071
45 350.10370440113917 379.2169794759992
46 215.38698993875283 15.694733323298367
47 457.3076379889654 377.7234333578943
48 104.36962722518348 346.3469930055325
49 379.99791377846 286.9933146569812
50 178.53467830891327 425.1848352150923
51 321.3118550238706 220.05276118524998
52 308.93551785270444 109.39274114403288
53 48.071454446626376 129.9502634091943
54 356.72536355077136 273.61766368546176
55 355.73846840222757 467.4924442023072
56 133.77291102394094 398.97296999588025
57 176.81959528492263 302.64093948501414
58 13.433148070200696 375.940062388162
59 324.7701835904159 262.1522653825198
60 206.69232663753195 123.89260916753005
61 136.88686811568186 34.99249998680271
62 54.17591529851361 403.8713309371546
63 295.02854700505 437.16506832220483
64 407.18566745877314 455.7969803795574
65 155.2598290353831 453.85270358220345
66 257.01470534388926 401.52512142887815
67 204.6721193053906 449.1936317493512
68 315.2786925634766 124.01810915831264
69 106.70518590512532 185.58698129753608
70 86.89701003876641 177.43821287093803
71 355.26535981696264 96.15420587056694
72 309.6591593584819 95.15032792511116
73 191.81657759562088 253.87073115655144
74 262.0200067412424 332.4634555049979
75 276.4066691225642 291.9261129391193
76 44.88152382411482 417.43730289606594
77 12.2834118959314 82.07119892053622
78 361.63931165146596 291.2337682765302
79 51.35384462070044 301.06710744717935
80 180.69879933647127 191.3022980563299
81 194.244954362568 101.86365992976953
82 414.99923840639764 353.1543507932768
83 301.1351086665792 484.803879661521
84 335.82255703334306 229.60397659519555
85 314.84295183772787 41.97615605283443
86 7.310131515702436 375.1299743613725
87 155.88411713807795 195.81734191467373
88 391.6616195560333 80.44955679856002
89 38.33604636988562 132.20765578616357
90 86.94873427296224 348.48450970824246
91 182.38717149841415 123.59215975833591
92 372.8404871219905 248.64746227734628
93 473.3893789804783 58.11388777758092
94 258.3072988163861 241.77972395456476
95 328.08097874133256 481.35006660704545
96 268.5480738896951 36.13141417431715
97 383.4025456913795 146.00554037739673
98 0.9671478795663341 113.49026181625355
99 100.98909643750324 77.83658448677228
100 282.01761066642564 83.93816121898836
101 42.989189541936156 365.15332011897584
102 357.1226310691335 120.74200410661014
103 314.3355827067636 440.4805290085714
104 116.68853454849341 286.57069448907197
105 107.97161870745536 374.34431163869664
106 249.4311217532637 175.5706401320396
107 338.82383529252235 243.69592491470166
108 40.851061036716835 407.82900463674474
109 25.503588871020668 458.18437456537896
110 253.71485182099775 127.40776276644867
111 461.8191731576278 491.3458932216521
112 84.82425548398288 331.4405979795199
113 135.1846735551947 317.79085938123944
114 223.19049542092677 473.75116228986235
115 39.923238096538824 446.6379608686607
116 362.9684897874513 11.0725119310408
117 214.27933443629942 320.7703815171941
118 332.15207124201044 219.22668376749053
119 292.6786988610247 499.9703501634254
120 127.08281376120121 311.5571544210623
121 371.40420866635355 421.62604393405167
122 202.28310803975128 151.49846216619343
123 169.39227930312003 234.49880718307753
124 296.9883547990707 46.41374884008692
125 298.29658711394717 104.98874666841435
126 419.0238333402752 388.73466482190133
127 399.3146490236725 114.44346296552362
128 311.34819687592926 172.99758597747234
129 28.52768640217105 324.31699225853373
130 349.6690500699754 216.58570849731453
131 399.6652913487325 316.40533517485665
132 307.02475171312926 179.85903246181812
133 467.27377450792227 16.959896451014252
134 328.1226588785376 341.8820843761792
135 396.2407415452288 369.2118408954933
136 221.5253157845362 383.1443590610343
137 77.50845791417439 442.7277123196103
138 364.48446477381674 300.50870970783416
139 194.59431383091788 387.0610588846698
140 63.33663561909627 427.12042420394056
141 265.22956708636224 157.36458092974775
142 187.89511012141594 415.16288345721006
143 193.0258034085759 296.98408580876605
144 209.19912655071096 441.1551454348685
145 67.58366830890296 130.56796972239397
146 45.31491820433247 288.95290278538954
147 333.86932313956896 99.89516133649629
148 211.62176520664363 408.7360069293439
149 452.00176929893496 66.44932138112159
150 301.16240354248055 475.04436172479694
151 329.81753338957674 321.74898500199384
152 236.18821503218723 443.35838273994824
153 82.70922796959233 175.58046020902978
154 11.988266762125003 59.8110880901202
155 118.27064489331852 433.57485118519736
156 355.45505210044234 282.36591270221123
157 107.22335337233648 228.02026758114673
158 286.6105816894029 56.197855704003786
159 122.94841211090507 158.40702885530695
160 65.49296778790969 443.07479652267483
161 69.70183883659493 366.9662294900894
162 331.3870708455257 84.25189890069024
163 25.253336414809723 191.38103855390264
164 15.371483350807408 95.76417205690427
165 249.25543048318812 271.9252669666009
166 257.5501434231723 490.03011629300977
167 384.12358400112794 487.5152122033457
168 49.13826574904755 360.364559014553
169 295.5879897934979 399.5484486600006
170 303.7805284650692 135.33915873923678
171 45.363565374035105 408.947221811722
172 310.09355362359685 315.92632133302766
173 191.57732728167338 137.52420912639755
174 280.44528557375446 256.0154490030693
175 442.69079701208057 138.6450261165427
176 258.4106670591871 191.20034222308888
177 178.66003687390446 357.17436975769067
178 161.17594748596338 362.70190624353097
179 462.9870704527833 387.8617159377145
180 97.403263080478 277.9127942058594
181 414.1336520509451 440.64773894158304
182 367.71261043529927 339.3287699729541
183 242.492351568903 54.853905117259394
184 210.9901798677065 265.5660973605696
185 252.73930483228497 23.855651842228117
186 419.18974530033313 474.7552704906559
187 321.92962564263615 134.63312168711116
188 352.1586249584469 314.84812354133356
189 176.13838409697345 290.5441032112864
190 253.28944467779104 306.27927540586575
191 248.7990699509602 260.7697677549106
192 447.4765168268486 301.98160913635667
193 0.14616901874660015 279.14691200656915
194 134.9380020584223 284.9720735917518
195 339.32959402955584 437.5190990163846
196 498.95470151230694 304.59586025705204
197 140.83604235994545 322.31444058211565
198 203.4715419779479 378.045011849867
199 417.82637195668616 104.78894542660743
200 195.8099096800487 13.952806248989152
201 320.87726313461764 315.2625722514851
202 333.44648160571523 369.7053434621316
203 498.40237322979544 330.7184111724999
204 476.92917205284533 394.6093249042951
205 242.71984739417798 173.33620496350588
206 107.5205389107175 234.20814948656385
207 483.33227394804925 21.887398659313494
208 392.08645781233224 15.847981120471363
209 367.48962996454156 445.43202834885733
210 328.08027316835273 82.06138215638406
211 85.51705722558958 212.4262581100494
212 270.2124442789326 147.45814344539625
213 61.706895380247055 173.17499491910533
214 104.5407049742406 307.59110400493466
215 307.7975165753871 57.54517232788472
216 284.26798463359614 272.69960905525323
217 18.191923334567914 232.99303244485316
218 211.4929082099496 186.32386382655466
219 422.1049973176505 346.25286564160416
220 160.52229023983855 365.5305485627796
221 451.7704524188195 483.484576267968
222 492.1254010825206 309.8933988108191
223 47.687638278306885 413.284093541732
224 394.28643538944056 352.4320990378415
225 222.64273221831536 207.72337525602478
226 248.59498605447988 343.4285106417598
227 20.900392840399505 6.505408708841217
228 449.40301812598864 330.41141290499024
229 161.5291339435122 443.3952136105204
230 165.27297403571438 248.629308632218
231 383.29714013954754 256.31888763892925
232 65.04282759777553 228.0152559373292
233 468.9557619666055 405.9109089184792
234 428.0424090592347 214.98870127961567
235 453.01305721683013 22.833175455922923
236 399.609153758974 226.43619717402174
237 222.29326413930673 374.89032197752505
238 349.07223254493863 177.8663031841067
239 57.67570103165147 53.82146219412703
240 363.8006831891246 377.0434877135119
241 135.41221233998735 493.66176491322557
242 422.7440668299953 428.3717320339183
243 130.3329898116529 457.73599076883465
244 153.13365791000138 481.9205107019283
245 322.0682026002914 86.67134528351912
246 348.6574264240339 436.26425729809625
247 494.1363124105174 167.29845235879455
248 67.47406553107402 427.2409181324486
249 470.38010971599437 220.9469051791126
250 209.88913745175898 146.32598809769283
251 301.7671903134078 180.43597766823817
252 365.3807429033785 282.56558686873416
253 442.01464942495176 339.0109175758408
254 95.93274761199017 117.91545364612658
255 207.84558284947173 466.5821507142384
256 10.310068294493433 105.39213996686422
257 436.9406419967666 456.8869653532061
258 97.99378550330844 8.658767462493337
259 467.8083685006399 90.61257816828234
260 306.9830906697669 16.539475526372897
261 490.86608925686767 5.094355604875145
262 224.56640901714732 38.485329532561494
263 303.9959846166654 211.93465366405854
264 12.465871876492683 235.1988587750333