0 436.3532897077391 113.53484258128479
1 30.065129409720193 65.48731564439973
2 108.05458339343859 218.15721983355849
3 431.51618124075543 47.985217966112735
4 400.8601956649117 34.01416260942515
5 493.76622024358556 265.0106281280575
6 49.96240579397097 302.93363511447177
7 220.93357915290707 156.99894327444073
8 157.2844112488839 374.6467339262783
9 127.02110241738933 205.63204487410712
10 168.4792493842097 156.388571990039
11 143.2542757559905 142.3907821478804
12 293.1029505627316 344.7804569009966
13 446.02433736653285 359.3116587115894
14 258.32069860782406 21.182465197242458
15 454.43423342933926 41.49896705182794
16 483.3846899367028 238.59322886568873
17 435.15352781801926 418.78369216847454
18 43.90844855959691 478.2176767159661
19 195.40232938509072 355.4184928047851
20 269.65491375910847 464.02370128744
21 320.40508711978174 433.85053202084316
22 361.1539166742338 108.96515447219062
23 233.58170110807052 20.424033813592068
24 194.97006738787292 477.06121952716234
25 118.07638040289241 268.33006138426333
26 304.8525025857374 485.19128011071865
27 336.9641446867236 388.2432130656603
28 56.31611285374146 222.28945301815605
29 21.620053500315805 9.862974764752295
30 191.42679948301063 107.60448552557494
31 412.28834929727276 375.0124206142806
32 178.6936684335457 292.82836740779106
33 295.8463599467577 82.03745017740523
34 272.00700989534903 122.1910927894076
35 132.12268578031956 127.99700788536462
36 217.503271813413 154.06887105637034
37 476.8991713373435 434.53797946504886
38 286.08691029363484 179.25999823018566
39 318.9034632179996 123.40800701606454
40 141.09403377335818 413.8448434276944
41 306.6815672227175 316.27542857299017
42 61.24350919140939 500.4656590292594
43 60.22925573593938 268.89735459600405
44 154.5890109149225 216.93701587680314
45 446.6566786200722 261.70549098808283
46 487.6588588466013 292.3289993563375
47 187.96221717086766 202.56372796141616
48 459.35043371736805 5.053236930592917
49 139.1996701194797 29.792356004544168
50 313.4321391189029 305.0255936314438
51 331.9371538014685 101.55090249084493
52 364.69824162453983 469.6795589721163
53 131.92653839777233 388.3248110158569
54 363.92043252342205 426.4609193682304
55 431.329052551617 436.5708089747818
56 401.7451398354631 173.44689119049332
57 267.6756307830504 228.54170027919264
58 360.5963351647864 360.9019513356678
59 176.97994311306923 235.93316591322767
60 192.4614018035953 452.9075623887187
61 306.0674832945062 159.2737988438348
62 193.16082632507138 43.684840966857735
63 3.235772733044794 60.91385461532681
64 483.33280009113827 288.8663854689194
65 142.81898258464426 308.05917713241223
66 88.8995451224669 75.76801620858589
67 359.09420570844065 488.5439604806966
68 343.2248634541447 27.660765022611876
69 227.23746987229293 221.93893942760056
70 260.52087088486917 82.1504270766541
71 121.71400766840934 49.151614741931105
72 189.316794279193 397.03437638891927
73 97.5705934582194 368.8906170538512
74 237.9639817844986 37.42430570527716
75 150.586825903038 198.2385712461237
76 388.21830770395997 419.49896134103926
77 93.13777053990188 357.1060061882831
78 218.91529211047097 207.9820728370633
79 69.92226098253556 478.5236040292575
80 334.6326481549057 456.32869784184476
81 405.41896413326594 136.5706228408111
82 385.02141659623726 495.6468677913475
83 39.04679829650825 219.2347685107928
84 29.179137952923465 207.58178981291334
85 272.52654249941725 51.651732910985544
86 268.0370584460774 92.74630026272926
87 357.8675582143252 198.98248888185134
88 290.23845026357344 155.79373809060743
89 246.7361097884813 247.6520514740596
90 375.39601053771355 487.89884499647127
91 396.7015940040118 328.79558543640434
92 364.93394984452965 36.23677054016243
93 69.001929721687 59.53608040198022
94 393.9436701779695 458.03252621824134
95 469.02149090992475 58.152223082567446
96 346.6123423924926 65.89012766407936
97 340.6329019458826 140.28618967004252
98 439.8191561045373 364.40535392500385
99 370.91806644872406 316.0878387922967
100 400.436987140417 267.5155584953305
101 275.554709148879 191.59538532571767
102 424.7255512912269 129.64704319957642
103 460.3309514530794 413.7120254938475
104 446.95701272330484 364.48265965508006
105 474.83401618225065 314.85384334120715
106 249.07632665509263 448.0916167670697
107 252.34784818988788 493.7164861564051
108 70.76569174741678 342.23855794232236
109 251.3904699259209 97.63626804120092
110 150.75642069717998 373.9203062407593
111 153.12323388421714 197.70604676946962
112 49.61121034841109 394.566513344026
113 200.07232515004716 197.1470535433894
114 162.48604883899142 87.88439333575765
115 56.21727238108194 379.4347262514373
116 10.573224716668342 100.02781218725626
117 292.5213368590479 285.33028823950144
118 261.0257585465642 233.62747742011032
119 173.4057806638285 288.2789453084843
120 372.16833714256916 306.23177741550273
121 434.50291234662734 371.601711400349
122 411.7107928060363 361.8766576393103
123 78.26190471174729 307.5299058728602
124 323.4980216713975 302.8280977373453
125 27.627144782934362 119.40946409738514
126 338.05322951696246 148.02228395719303
127 82.06045219969373 417.3371223576961
128 249.80197887825977 23.36625410405367
129 216.63655358937157 417.0809338940396
130 474.39998549644145 159.85561977231137
131 168.80551785863227 208.38518488306536
132 105.03045358543274 107.41640577211152
133 103.68630646456856 65.66245711178114
134 173.88519372046773 79.48415630579457
135 358.43227061232517 385.63577677054985
136 387.29861074749857 294.59647334711065
137 380.29275204977546 110.70913706402
138 391.1649865044541 424.6939550144576
139 480.4836540240489 315.716985400902
140 474.3364324046031 254.39963548811184
141 397.8759970370403 414.2316204503599
142 148.67319698207996 413.27861264827015
143 471.8127385226284 324.7918279480521
144 223.2971898690454 66.96712224581307
145 374.0723007173141 242.2570119167531
146 268.3861272993795 270.104378248329
147 433.1116523804933 43.98826624672406
148 343.5380697605027 200.20057023925145
149 16.242084228442685 239.71084736162624
150 421.3346009966942 369.9309532478471
151 305.31765447422515 256.7224494026083
152 182.23586994368603 452.8586098781508
153 499.84937602581897 283.5772126750099
154 221.351825002233 255.2574629121533
155 154.1973168604503 296.49749199702256
156 204.9514149058073 464.53217753283485
157 331.6384199135787 355.54408899859595
158 184.79506594363414 192.71323106422068
159 172.6595257744398 203.00956008967583
160 45.50569248069301 9.643032489032356
161 301.78318877155573 177.59080589300814
162 6.229617675642036 40.76276047867665
163 136.59801899063424 436.6434944839095
164 158.78115615617722 423.8601470283153
165 289.4357654785546 493.2247842842134
166 242.31324016911236 346.7445172961448
167 179.3144257115744 92.68994875877783
168 205.31137777591323 119.57831136008555
169 370.3491139354435 485.3245588248449
170 94.36934135871142 195.5131495380656
171 365.822344020152 192.86598411129543
172 447.7723940882305 318.3537150643716
173 263.50022781781354 475.79601144872544
174 137.38736205008968 485.2043983944251
175 180.5834631218126 219.9713038139612
176 39.7390476681447 179.44074598734713
177 296.8893852624552 139.4990110551101
178 431.43828087351056 388.89256006173383
179 169.47632140273691 234.76197601236444
180 240.3194528989191 207.82483917091037
181 183.9411872999032 125.15137243723366
182 107.74397934028106 437.15980532931536
183 86.04869633241069 498.3739209865057
184 172.53109284003 385.3956951457941
185 43.18332846901479 71.16721367671288
186 137.88834292881577 230.84691980471723
187 41.3541537800139 167.87790335115116
188 423.53166646971397 135.1555172652425
189 203.12877369309112 157.6367408333569
190 97.908632955932 461.5051340521698
191 259.9237191783718 264.7982866551499
192 351.06799429368385 339.6066807272459
193 467.53710694920267 434.90443836793304
194 405.2553075122194 4.318356441265998
195 179.67344073305557 209.67754094867053
196 135.75629964345507 244.71351655703833
197 142.48093111097805 310.4527799804803
198 88.85859105440588 15.515578763791614
199 263.79854955125467 387.01835390953204
200 207.05716245764904 242.08264186155336
201 251.89300610895785 200.04847189638625
202 317.7900791830487 37.542748752174916
203 498.95501301719486 284.18572803537666
204 315.05836208571066 104.25633672323912
205 475.5199338666962 460.35817530947975
206 492.25764460380515 298.5138161008902
207 200.27931693465428 410.1006569337392
208 144.42890217466527 409.26361927664084
209 1.458237664570444 360.4908581257687
210 378.9219494643157 469.7104738214769
211 362.047231703202 292.80784160431955
212 486.1575797552474 486.8234334821112
213 87.69847641614085 476.17373391529617
214 354.77287112510345 300.1499319911629