0 456.7305863620385 275.0092052982873
1 53.81459901711868 41.14330018245246
2 8.251730522160498 217.71376907229993
3 397.30088054424584 114.17208198955763
4 486.06011893967377 304.7628272449193
5 286.38152845850675 154.76897810217056
6 278.91320920222415 157.84090026766683
7 251.36549868157078 251.1392346418796
8 332.75164157568463 21.5450598697241
9 330.81923877098893 491.4415037093418
10 149.3617081768623 326.25105299572357
11 28.59841580777892 23.674228144837883
12 483.4363952968693 350.27525238626936
13 189.60393353158352 318.00798892984653
14 192.37918985820897 51.48377002700819
15 82.76134220238507 157.21752752780608
16 487.3559544156563 351.91840170503673
17 14.21163373357742 242.73868957962787
18 158.16748371342243 161.5847272538833
19 145.5973238181157 50.40439854914692
20 438.48900889849335 213.2790442652135
21 1.6291141682497168 464.09797233739187
22 266.90296532082124 261.2182587673159
23 317.8267125860365 12.40306845935036
24 78.93717425569785 37.28118595839053
25 425.44141669224723 452.8265748820211
26 147.01319330575853 389.8695912154557
27 356.0888167435316 253.32409295340634
28 112.80824799339935 353.75391328890646
29 159.54651087656163 6.66724868129111
30 71.03876362219209 17.781271014079756
31 185.50488100182918 136.65781443143914
32 425.08506477723023 375.9922710580955
33 193.79809993189124 239.3158235264781
34 248.19376942546918 487.51834450015934
35 183.78830952799885 325.9470225174529
36 45.218335753728596 173.61282948546642
37 229.12719839744906 184.4297123773712
38 69.98805508020487 100.30668128009401
39 409.0778300837469 62.15178780825732
40 313.431665239258 31.47352232132892
41 111.9432592562874 351.77583962116466
42 332.5246040231426 229.5392136300996
43 72.91935925355949 470.41353874227093
44 307.9770667658136 409.67730204434486
45 457.8658166436234 148.85009716278321
46 61.335297550507505 388.0944560711091
47 188.07245747430431 371.17537868945914
48 269.82934713234084 32.92915263837011
49 447.0871418556671 254.55033011382048
50 230.86835065507185 381.36177562366106
51 422.06704048031867 253.86574674677186
52 329.5574079608518 283.7658903270972
53 417.91696467847794 114.73487811008529
54 242.99071797355762 248.11819866485462
55 350.6862097469085 136.6023409527785
56 2.361046172195252 151.42846073420515
57 477.30987345931885 393.7486926886399
58 208.11870504751872 339.6510270575791
59 400.80092453739957 206.6234633969795
60 34.51121702772604 181.3960396670762
61 500.4261958463937 301.24908288351116
62 153.8401264839587 4.770888966239146
63 402.2323445419974 235.40367234282377
64 293.68238967736073 428.8517318448268
65 2.527231178559154 379.91312813466385
66 437.1412275551222 487.6098441740852
67 306.5675694463376 400.66091950361596
68 45.91491033463288 89.59913370856306
69 499.75549087400174 422.85877707474805
70 246.60174441838453 235.3488893608047
71 241.10466040909705 260.71215090886363
72 73.19597689005116 94.19950610897646
73 74.60085885962096 350.86160036613336
74 224.17123364263654 497.26960633593205
75 197.35253914061715 266.88426954468457
76 198.89725579833825 56.34892379319343
77 47.103309726405186 481.6994214534914
78 331.3901171441667 143.77429495399304
79 279.76178767332004 304.9377853507238
80 442.55760693944273 129.7650765639178
81 191.09309291979983 254.20653584531743
82 242.16862174406842 342.269232922937
83 60.611918386685204 402.70985292193546
84 122.74910033127767 417.1031375584123
85 142.01909903791298 105.86994809040054
86 150.48694373520723 273.05554980866674
87 221.23101419711804 349.4339590410836
88 374.0145776278477 218.67029513279817
89 219.16623069351834 306.04928107152165
90 6.62985873092593 263.6223313180342
91 265.9734615178518 107.44324781136434
92 138.11518490887576 34.95844965226032
93 20.312438021587056 191.15264867097557
94 330.81910345078137 287.9863030516979
95 248.63161244262204 16.214375973657564
96 364.075984117697 344.2646380779686
97 286.12643165809294 371.35041892027925
98 363.35687289593943 439.97280312773455
99 47.20711742195835 414.9591362714483
100 214.7680136624175 319.9186839185616
101 129.85661755685584 82.65884140568996
102 457.6435468032925 94.58255337525581
103 369.21771636020037 435.2207675771125
104 265.01509590689056 277.88759437685536
105 390.11212835875506 19.475783324868463
106 216.6830896149297 111.83859135402197
107 275.9652480657884 349.1819320834873
108 246.4636388860589 247.7763105091066
109 442.7868129630514 65.9002829417093
110 30.93933117054523 37.75815285487117
111 167.44075183597568 461.64149104065007
112 61.703711308511245 211.4942687708993
113 482.42683878344 6.4183104115677505
114 273.6564118515582 418.343803680358
115 256.792260600654 179.86712279842052
116 390.37965684450614 164.10725658653575
117 366.5927571403476 399.78641859471855
118 50.006662841124005 427.7385021109367
119 219.53134977622514 18.78070186828168
120 337.27859768438805 280.64431520252873
121 270.0167347977285 424.19564770109076
122 26.67926868540594 174.93906629490345
123 316.9038359534619 406.18353129086466
124 218.63505977098032 94.87891490295645
125 3.605940207286815 148.04739997878124
126 466.77291189820926 144.7125450631297
127 410.10085007814786 295.9785149960318
128 173.1399241139866 230.35417451098095
129 491.5925448402199 276.9235624363508
130 249.1057057341977 373.61014931110464
131 421.23563818829115 225.5962168648098
132 439.3922165455508 329.17154808955866
133 3.3814065569706173 67.58280657763596
134 271.30573805324394 83.2230819414606
135 411.26226584106956 50.08184465457685
136 248.78171262781302 476.31251560296744
137 406.8960708339043 237.0650706489961
138 232.2954689445379 121.07496456964903
139 73.26161288796904 247.5502734700922
140 424.0408812698351 15.512868425519253
141 258.4739291002035 285.2362914891412
142 460.03323411092833 163.79532216639004
143 69.77083846401581 284.96602376132535
144 369.95437146192626 302.95902567507864
145 266.61126332242 315.3554549380553
146 34.625190000644366 297.46868572815094
147 253.0817439097128 183.4553122634145
148 307.9642110743592 34.32597599049681
149 199.10894516789915 27.49589378374824
150 117.17101614346579 182.30376295105367
151 453.68409777661236 24.60719910919503
152 192.6592394114818 462.9264263074772
153 496.4197615126738 209.90297312542722
154 477.95649791225935 156.01731538702452
155 128.2794514191419 280.47079648725304
156 400.3867968913204 376.9905170893045
157 436.24778748014074 154.6201406574522
158 388.85646567480893 238.57727044514624
159 298.04146826346306 464.2056255325394
160 387.47513008508486 408.3458610057762
161 350.70101393879247 79.96535857221822
162 140.06123968604004 140.19941929597647
163 311.0483736435394 236.59215027909363
164 157.80475571838363 298.0171935946922
165 492.54760211968625 232.69001030129562
166 67.4899185741572 493.74255379024953
167 124.06338032185545 214.85952683628284
168 486.7169469820289 424.51543395938876
169 294.3769088253274 491.9021830780034
170 114.50375408931505 146.8962030799416
171 387.0888346963729 356.53755555795476
172 478.497858244325 488.8354403039347
173 386.7157482091714 414.08657258312377
174 70.78294623560002 5.805841716819412
175 254.3699276129442 429.2899303570221
176 177.9262910048616 399.4321575754703
177 347.40094774438137 284.8028472003373
178 255.4800827912412 500.02983070045696
179 485.773696121066 188.9357094782846
180 49.62366570733677 8.69455773027368
181 309.75872781764076 360.8945203078206
182 32.01357600152975 404.9728176739456
183 489.7190817046338 19.116202666008274
184 286.19417612224527 489.687088556742
185 153.39192150650732 121.29053767393303
186 184.11427938921668 374.1900257126228
187 128.0838795750653 406.31416544440026
188 25.393717046143024 247.17793825334755
189 146.62562743270394 471.7313633588317
190 277.9886710615363 130.20694413781345
191 194.76436322215838 252.18235733608716
192 188.81565534684532 426.2238204965346
193 20.912159207455947 451.00181225009084
194 296.7117603294384 431.74904117069343
195 113.81331056056626 162.38860483037317
196 252.83174768022192 136.83071037706668
197 95.74613445490995 151.50249848720523
198 427.21320480218094 18.525955867158473
199 45.33218227258726 443.4341758327475
200 429.7766071218852 215.460150086749
201 181.89029443965873 149.2420471190505
202 19.469626799526438 404.964748088656
203 183.54344370975423 197.15279677720247
204 321.61386899705786 401.40058086322176
205 131.96307272322872 388.5820166367372
206 369.7667020977336 457.5366826135684
207 176.71850846383722 19.847070607199612
208 263.5724245572483 482.27318942881914
209 20.688515073778646 89.31663866578292
210 73.14408077366485 390.5721672042556
211 220.88732856441192 417.2694364370612
212 177.49092877813487 56.19201285223705
213 66.35942347696965 368.9193112618166
214 372.3865899827523 371.7082050193763
215 494.50526992146547 195.9047762445256
216 398.85889493617236 200.34755490632853
217 29.314449652705044 376.03800061936994
218 481.17483442625485 95.36316409090077
219 235.50316732426145 218.2616041054956
220 48.79274274617954 441.0336615835114
221 453.47995493458814 401.57143911233925
222 58.25865554177288 296.883138402394
223 392.3961789512314 500.12881267578763
224 170.43491488215594 76.38704695351932
225 226.2774552353161 7.908308070341137
226 82.76655397423015 291.25452038367797
227 379.37744295159945 296.0052073174409
228 437.51446972373566 2.359093844532114
229 87.4473074470025 384.1612894768029
230 19.014510232103124 274.52739903787216
231 131.57208513143166 423.15865699749884
232 412.0574181929023 315.6894362473829
233 299.5895567836491 220.4780966054538
234 306.42736407722055 217.34417581872873