0 87.87690564627412 230.92672782695172
1 76.76181521092178 188.369516921115
2 317.51742419122553 1.9905089625407741
3 91.99920092018213 436.6853073071721
4 374.3095573209144 222.795739133899
5 304.97430320575967 80.49343744529483
6 282.7447674797662 48.59157095329965
7 386.55556765694996 322.6739134302235
8 135.1277915410043 346.2888415444581
9 383.28478045770083 176.4325578088569
10 263.5439021608932 409.8254382111424
11 230.84379086251053 293.4546164746159
12 498.06901210575535 384.35659221552334
13 421.13039849669605 10.689461146236974
14 150.86288176280252 301.2917536530091
15 98.60604698502962 92.34506940391472
16 444.5567849266076 157.60315105525166
17 95.42638613702809 46.27770472449007
18 50.52307233388176 482.89043242930506
19 230.6207391599605 151.72446217809437
20 314.1977592187505 368.40170382414857
21 231.2476583923418 280.24574129277875
22 422.6160215806063 3.583550983138392
23 240.02102805841696 363.8195763277807
24 485.7162270601998 303.76065195387457
25 154.37500107036598 362.2612977627795
26 474.7698499323496 311.23026700875636
27 463.31572972891803 365.529814073744
28 418.5024825206257 164.39780134770152
29 289.69410637743255 7.0255688100705385
30 56.08581428298828 8.576745947175368
31 64.72606199654224 180.68551945473925
32 358.20033715646645 381.7291795888941
33 65.68570686734334 109.53692079961333
34 403.79590605904014 234.73336267715604
35 52.70128985196115 188.3843587220688
36 119.00991947985538 429.7299116562137
37 348.4951913141759 87.47348975457756
38 221.94222021725503 195.7209039458781
39 454.72674766164977 12.300066265744029
40 1.6314026189434618 264.8739216842322
41 215.31978933571975 126.21428291858085
42 229.6289232267303 67.9180663266535
43 59.78739688122929 59.108267339505794
44 13.025351046460958 137.60964077401366
45 46.10180913113979 93.26832067297013
46 383.64752304380175 66.49209842848092
47 249.10029631923607 40.42383689195742
48 192.4156329461135 155.078641434228
49 492.7661532709699 40.131305178765714
50 157.52633259137644 127.14472910240464
51 31.979117504084556 460.89427060839455
52 464.21061522284117 98.03434506358592
53 36.4902572236133 320.83939356504516
54 360.3048260182188 265.75533861896616
55 89.94420538196933 154.34368797844272
56 66.76836749482399 120.16771932191958
57 481.74492565009206 483.73955830064807
58 93.58366353488798 302.753495898007
59 190.44123104543283 109.11198455423742
60 238.1817301846753 77.2970707406471
61 302.0942746078173 226.24610137275414
62 105.65120728228686 269.3027777049613
63 7.781910591156866 401.983615102845
64 438.5089693149656 369.1289576694319
65 466.9929747395557 316.60290569322154
66 379.73734508967146 432.62800409312024
67 488.16993759070965 231.3505733432899
68 56.12592165114966 287.54722066028927
69 410.06917902718664 8.920755193561316
70 459.6952616737768 3.067809738746311
71 14.925502488802097 143.50410596300017
72 136.12516242725414 10.637174049655615
73 0.6314608323550737 128.00954219210993
74 119.66210478183926 223.68474890511524
75 296.2715800074527 160.19966314744227
76 294.93830459814774 482.90204169271266
77 459.38786584804893 83.77465243412782
78 113.49924928676674 133.51479022576922
79 450.29542879269223 165.88965691242376
80 138.60691332811913 56.378549964551176
81 290.6155268636557 246.19718588052592
82 360.0628641090788 474.78831319001745
83 471.9483612017576 20.268525740095637
84 98.3780140136542 419.6088916283985
85 464.26902335508373 195.16749401573446
86 59.60576492943493 277.7046902181626
87 322.1972909240022 494.0246208170187
88 229.54988285088578 398.6758430395617
89 140.76585641494765 17.69162082833927
90 353.86112692044145 340.5923161158505
91 42.69114992813862 238.94355048673773
92 153.74390787582308 427.7583042764256
93 428.4372322326225 427.2400647784033
94 247.60896207399747 393.53638902673174
95 412.5556189724474 160.75731531092657
96 444.0283625302097 30.91422010597819
97 221.8824387861276 110.258534758141
98 181.77603613687333 405.8061366994946
99 282.17928929975363 135.38401592844033
100 366.5697714316322 341.0477669028911
101 358.7152142563938 353.11014348904865
102 218.370215583823 89.66386311053465
103 371.10471095202604 188.45241758070736
104 43.73775146087754 260.2680807126046
105 393.44022385253334 73.96858071622633
106 463.79975166758453 297.3875204565424
107 396.38744159366234 347.2561124326474
108 198.8390638362746 41.096355586329466
109 468.44803236044555 80.43179549603616
110 460.3784658458818 113.5891330326425
111 70.03649528720025 12.531656876070537
112 282.9066072456421 141.22847912893013
113 346.3668496112345 428.87578592894596
114 413.0675787874599 103.16084146696208
115 100.3994357564488 327.70530922977576
116 418.2192556789177 363.8101202406437
117 318.25931300132186 437.8178576603621
118 229.7549419565174 256.43089009452046
119 459.6053754693679 122.50279354893557
120 193.47818517905063 412.431439726337
121 310.40249094221116 10.80915480204975
122 494.62246996868083 336.361225157313
123 318.4291959977668 181.0668680003616
124 496.81558195600917 109.29826036569975
125 150.6396065344608 47.62570888197736
126 100.4025140541812 437.8690826045964
127 167.19023232244487 148.97681369874422
128 169.06146940000835 155.28699776400663
129 72.54155709433583 348.7776937602157
130 420.57409800182586 195.60440115358537
131 253.5486954806959 73.81482029572793
132 426.9444008619142 427.84005793091484
133 159.86663550917572 56.60641207429479
134 476.799544153197 211.76510717063263
135 114.31326659458439 162.17348500091953
136 71.15186398641562 452.90905889804395
137 64.05662236846904 290.488525712827
138 247.15254893208063 382.7823869886658
139 95.62286418683028 477.24908404371575
140 190.42610987125266 299.4026084519901
141 452.75769590682114 241.9170222861325
142 327.93828400418954 449.9578999024315
143 370.1161111412333 422.4151580035038
144 124.12127150179579 269.84596916433543
145 257.604227921804 164.47849354927004
146 315.1563921824006 208.3849616042812
147 98.95164879136722 486.4208871128191
148 137.897495932488 391.2093465280463
149 447.75399109043144 269.996251340877
150 400.9077266626522 440.7357744824971
151 12.792708779507636 334.1088464866441
152 340.47780908755124 334.1120082013707
153 130.91281225258055 198.3588308640353
154 284.295400353711 256.7467830705244
155 288.119011781966 477.79656139131947
156 23.64371760803264 12.859309848050033
157 467.83710376658206 346.8033658124183
158 142.6211693247772 171.484003371914
159 249.47948213035093 360.7166055486289
160 229.8949866620278 242.01948096457124
161 448.55260239182877 457.6733515732664
162 16.927780590730254 340.7205200643106
163 40.54898553634306 338.1594946151874
164 453.4497661184959 445.49727977794214
165 266.7773782622779 6.920434052823261
166 103.18809549275451 30.008228004482127
167 23.102313924901495 137.2141663583267
168 44.510462941353424 58.31172521510091
169 98.28763377548202 50.86966196822126
170 56.6918540568234 10.275560376080424
171 301.2687850913456 28.25042284905711
172 482.97146128218606 366.5345633657937
173 250.21443334858174 302.0177542984082
174 51.43070868347732 179.0336494434761
175 388.6806998509352 44.53788356514029
176 303.99427849804846 149.09687427530073
177 256.5096860306292 359.88390659114475
178 449.53241868055994 362.52257640031587
179 163.37893107787107 226.6460449565674
180 134.1259935480905 153.42065192766415
181 131.06965256860613 120.18269155140393
182 67.04499450020671 355.3799659063624
183 374.58889850056084 484.51991697891617
184 351.88671889978275 500.08235638704286
185 101.2543175802093 21.8385813409445
186 161.62148535648336 389.6639065497199
187 88.73036415792961 298.37581348317644
188 64.00196359670117 286.96565543015873
189 279.79073792291 413.61163581616614
190 350.906277472526 344.31213554503165
191 110.27406722094676 107.811748303816
192 201.7055727656048 271.61019412959973
193 355.29892814407185 449.3537758845334
194 350.67364515921327 139.36968167098252
195 496.308711471705 351.77711471767833
196 139.78902775817156 116.71350893694363
197 7.928255990221622 52.16540643838708
198 4.019321190217072 377.56684876657926
199 448.9314846520815 259.2959694695524
200 412.32303483328155 345.9931449571768
201 380.8428603346251 95.97163260760998
202 218.1559294594672 417.07968526391073
203 477.82541020808725 119.08867742456647
204 176.22696634350274 244.86592499003345
205 49.54425487104793 86.28784498818784
206 35.61298292928089 202.55487806797368
207 337.63678902949266 360.48627910339513
208 243.11210099537254 99.6515074172889
209 98.26946195951437 262.1940706305076
210 221.89224879504272 282.73113787370755
211 398.0160205126131 422.28222891094526
212 80.074387654987 262.2571703134082
213 472.9528884975743 136.78766760916878
214 329.87935184802603 79.23915980771862
215 201.43519119177336 10.41589244369685
216 351.3624814332255 173.55084314361773
217 466.4902844701515 147.63384581118896
218 374.56224998890156 107.41207344246118
219 113.14547763917673 460.6325365394049
220 153.09689970257122 102.87958845140261
221 285.2930744390415 187.9836626864569
222 340.85747900271014 448.18858925080406
223 68.88787505914755 39.51411460129784
224 262.4660430471148 470.4403272023042
225 270.371242117274 437.7788608823461
226 391.5948565389588 420.4406472992654
227 72.22041399144038 188.52559952418258
228 301.0748354791788 257.45999152231644
229 483.43320386630353 18.713185308120313
230 258.9615610713219 19.307778980585287
231 204.57520857624385 261.9712227457057
232 382.3718297081549 142.39206647109455
233 487.7408102010923 144.8697369208286
234 435.95619739304703 304.3701555572579
235 40.4085099937964 18.00524110424944
236 403.3304907348413 94.58665606264299
237 280.7078402189727 28.703810408535947
238 394.65375322432556 46.74236634335297
239 491.05717945331736 189.09171320716163
240 285.8105222205765 320.14097171710273
241 454.48028107973005 480.3907245369574
242 205.33218166817647 97.41987416706351
243 204.16481033528495 100.55789579257494
244 89.2749227752713 50.887322365189746