0 355.1336319448051 200.22807876596147
1 424.3126217178107 449.5921431266206
2 152.78807458925786 406.06054465281835
3 143.7066943355014 212.6927532525965
4 41.22575504266315 49.68512612560923
5 222.00775245731805 207.6522152956282
6 113.47258977667457 458.1134682234186
7 232.6572955286443 351.09373094815567
8 215.14654949426156 430.07611448792517
9 137.1164272761958 367.2041117940753
10 352.4760890033041 286.6423610331166
11 233.87083420806835 1.6057304721917305
12 115.72596285847807 208.43706131320252
13 277.94564161514705 57.644397660251364
14 471.5410384213374 141.33800467962297
15 261.6342557539096 225.58142485696516
16 193.58302792084928 274.78526800496536
17 157.58862013265679 130.12779170687818
18 71.10553260969463 349.7364907059953
19 395.76580509500934 201.86514053831831
20 198.78959691147722 331.86227588870435
21 438.98179091717884 446.36076930611574
22 310.2449816274121 261.7912462157112
23 78.98371630726984 426.2030220015655
24 92.07147083585131 402.08664588222695
25 443.0196132606991 260.7582435422258
26 314.27036164011065 112.16457783853515
27 221.85814553810482 206.18240912411542
28 384.0976474569134 227.548528163763
29 330.0907312258619 414.1078941550004
30 127.15874239283524 40.69575727762036
31 455.3347196383557 256.4697997358545
32 135.65864476299626 385.1280497341916
33 457.6484717108308 170.13670809795198
34 488.24202316789393 155.7527780513991
35 128.0679403707395 282.3669210943214
36 495.7845376069225 46.06965415286978
37 60.679230166147974 188.62405104073423
38 358.8294971824664 139.4246610838068
39 248.05274565412344 101.95467473349265
40 237.1035187740011 462.5942309736442
41 32.18182612435819 207.95619571565518
42 263.6900902115705 24.761554471362533
43 186.2925759621765 457.34416856571846
44 433.99181253399246 343.381247548084
45 177.02125598169414 175.26636887863165
46 98.57015095027506 393.51936696923764
47 119.49203456946306 291.804567100959
48 484.3156660817395 467.00290362681983
49 475.76992892532957 160.55526891363183
50 220.17235147970155 368.11631863624757
51 274.01267266783304 420.7872834803541
52 365.8162357233124 438.6420996263082
53 489.39998888432 27.436283824295444
54 231.2717358585609 413.7580847243042
55 182.57997684794998 103.11596423271098
56 95.4381492034785 179.67665332614257
57 178.93960309698696 459.400111548139
58 18.894501333953116 57.9388527956682
59 288.47995185739916 197.8618240456094
60 10.152482643786 327.9614028218551
61 28.456861233016106 51.743262430674235
62 213.73538221983694 298.7751221959157
63 341.2335366380748 164.673927036605
64 102.07500440914957 360.89049985239967
65 488.98431870540236 338.55492556313595
66 366.2393889102371 57.87944268550856
67 174.9871607012492 338.5838337048169
68 272.9303833120777 392.5717814208992
69 385.2475929478347 188.40683186352305
70 274.02375341189105 206.73094748706953
71 69.107675110281 494.55425857401116
72 492.1632097396877 196.69529613065333
73 64.31125159340404 205.64055454449968
74 0.565703217473414 263.74988874947434
75 19.720036051442012 371.2911763711711
76 469.2466129656892 153.92805605929354
77 160.5053005462225 324.3968313222278
78 262.33206048099265 38.53305681504726
79 382.1758595478532 434.08898815699894
80 78.98917765558781 430.9169300852236
81 2.24543995975987 460.78140500079286
82 477.7762472563499 87.95723529985972
83 457.69130368456786 279.72818151959746
84 400.89102121484854 334.2318353422722
85 312.61061634519945 185.8119929154787
86 413.87861537309516 485.1076144335685
87 239.64249768379543 227.6951298424443
88 348.84980591034616 408.831228569737
89 451.79084845383244 20.040721361696132
90 469.15577502889323 32.23828853960573
91 139.25668677725696 244.2435058180591
92 24.76739437246669 456.88182633655236
93 113.76883649308873 61.99683332808815
94 266.3148593364389 178.22184595519857
95 148.68757723926785 491.0667563832067
96 10.858053054119242 305.01476120750846
97 484.84857494838224 304.843994462393
98 362.9782831893659 491.19495704031874
99 24.712972139980668 400.6013792716409
100 469.7088413319434 253.35000951173234
101 497.89413142546476 106.89674056398627
102 491.15499714148564 217.3572634615684
103 197.5431485877152 319.23029531785556
104 38.39306469678652 268.87131644506303
105 474.39208427555144 418.8907760039925
106 386.38387305145653 41.13029896128198
107 228.47807075255014 365.90603804414314
108 139.18761262303966 116.98349522668057
109 20.70072542679905 472.15139387680586
110 374.725084075809 291.1336589448108
111 282.4019528966982 296.9631629139124
112 414.694757211894 245.33422525761804
113 216.0993830729873 296.0547534130936
114 13.025179219021839 478.6854215863529
115 184.35318085079842 285.1394820685989
116 178.41952061915532 353.23228199262843
117 215.50116847825086 17.42648329338988
118 217.13172622179695 170.78380262361995
119 273.65810242890706 141.07563518060525
120 356.1030268548197 220.24441679155888
121 57.942326109890985 45.77205150582517
122 409.983256590896 322.7771323947449
123 378.3668631946607 141.8125014556006
124 17.362912370380705 478.8026589538456
125 54.21161453856396 361.48365780814385
126 382.750233509311 313.1790812966076
127 371.97963009805244 243.05604180417558
128 259.44142378730146 138.9043067279124
129 278.2328711886883 255.41786174036457
130 154.45303398925185 76.33636032939566
131 388.70130100773724 88.22902022506798
132 274.11205695090916 323.2365026795376
133 305.0641249217733 494.4888104977192
134 258.732378585676 320.9057221225736
135 401.71330021742756 348.57921954914264
136 113.04540672329607 249.3074474447401
137 465.6264580611432 494.1713356013393
138 1.6983456097368974 460.34738832307335
139 497.2004347708461 41.86364164648979
140 243.1851899489691 177.4163152245891
141 1.5260229009074482 238.05860723750493
142 378.033593529662 18.891971369037545
143 296.1212661069031 133.37820646182132
144 132.93506248120156 116.543906383785
145 153.58232845461237 276.8687906417443
146 421.77641711293575 383.68783362562453
147 108.96024435964881 301.3525407645339
148 239.20704712593425 239.49601465737493
149 302.9262510120562 278.5452851491152
150 442.4598097102072 392.0859631044292
151 20.94983958295705 422.97930005654126
152 367.63243601933664 65.88155552567326
153 458.78091038888806 233.3451134674063
154 171.53188474471602 410.26942445799654
155 244.50102548397484 426.59765558439386
156 28.485861115426847 109.7575639076807
157 466.28878704991564 26.059806631911112
158 9.233742954612891 125.68435622149569
159 188.83030140966434 296.8003563041205
160 23.123332843265402 295.0229696216611
161 460.99827051637186 226.76357989570892
162 160.3604333384996 450.9795767257733
163 335.0216641615839 140.48406866738725
164 111.98502646316247 87.89330728880029
165 207.8730627636983 62.733171143291294
166 87.58076213762628 22.41182564496616
167 108.01167432308544 347.1123256898498
168 265.46367963800765 411.0382579303825
169 97.93754116705543 182.43382726397394
170 335.2418777606366 447.9237222665959
171 92.23599507940709 498.71078443755283
172 98.18918291389669 14.214182667151459
173 187.92147857192944 412.71614228687235
174 384.8342254764412 16.351292008506697
175 28.92562660239576 319.3641644524029
176 230.5304095304659 143.473594296922
177 306.5173930203873 370.6181468608401
178 356.5428109793318 293.46841476065066
179 190.29115798922706 67.23465957109084
180 428.36484012592325 414.28362637510526
181 368.11381646086386 395.4171774423274
182 468.5604301085125 55.82487860274257
183 324.08329342152393 402.37094556485
184 18.416868249329312 482.1355463582178
185 160.11760192965525 391.826137540788
186 307.0887702314918 236.5852767608229
187 6.2679708015006765 385.82776642421175
188 189.715592338755 185.4773089784426
189 500.2288683494974 312.47863085896137
190 85.2030293752894 95.82577103316906
191 356.8042511439758 406.86527770725934
192 401.972774777122 480.0512001420528
193 270.2815269945814 121.09748535913627
194 182.00595488216098 22.99563480013832
195 184.76342016132872 427.2478871473814
196 284.9318595373924 93.96863097636101
197 491.5129253107894 208.9912712731712
198 388.74701113038935 452.5007593562396
199 295.27742432913124 88.91202103266676
200 0.9887103652092736 493.10403153400244
201 178.37572011384333 356.77318651048364
202 413.8324623818781 25.6160180153138
203 257.05506420582384 342.5223885796032
204 184.63503939821288 308.64001202869883
205 396.2553926736996 468.4470953860873
206 317.90220347754524 265.18360827052453
207 110.45407102690876 367.68626613174195
208 192.52507245516745 82.84562539634418
209 7.706543837070284 418.25494854599407
210 176.39904605469468 106.80437470952387
211 82.34752294169822 213.8453472768052
212 36.21638729945511 238.41997744311917
213 284.07142275655207 483.93038121028303
214 396.3062967401032 328.4791545789378
215 16.272753042275166 177.11461725630377
216 472.88568387630164 351.98308183106894
217 113.59378631809344 458.2528631880477
218 230.97940591507813 470.90713003483086
219 351.601045044848 77.58794333803655
220 363.5702548549518 422.5459859311391
221 235.39155403350597 165.04701488021993
222 178.24741525673804 23.89829242988887
223 97.71645914294061 223.87970887960682
224 52.73585201856343 442.0422924912995