0 107.26551168069793 398.58568598476637
1 191.97073090805134 277.72983803472454
2 297.196433956556 182.62623897132204
3 262.61161761912695 231.59529203357746
4 374.28657498787356 253.1660182379566
5 359.5993728842227 328.04713297528116
6 56.93068503220414 277.8010212936517
7 72.96236532473064 483.22994215099266
8 217.68668127448404 164.25444073121193
9 245.62943595366207 258.72129024260323
10 452.4077044749265 71.62044938694417
11 467.27182128285637 127.81777424059628
12 92.24355861779328 354.77519866585936
13 321.4563965649677 346.1896013636061
14 103.25575238302777 274.8456629758955
15 240.03228231324746 189.75819298696027
16 171.97310741155485 356.3429647181927
17 316.3343924688962 303.56961733319713
18 55.20427638992798 296.9387552666041
19 71.35465814578657 130.5124242694848
20 385.8189565643135 434.89187678301494
21 437.5053326334688 436.9593272302086
22 162.01144975067632 332.81655123443903
23 120.97868012777785 188.8005151299695
24 93.76806030856064 158.82475228333664
25 101.99349488051 120.87965035453318
26 251.8743247143678 139.07205528992057
27 168.4113189774486 101.54433338224362
28 207.81820753551722 499.38972064201147
29 272.3036570101612 13.879004477911495
30 428.3726270728014 450.99553089601665
31 438.05676810089204 188.20094591717876
32 166.47318305802207 447.2412486201163
33 82.51118978585022 31.569169687022523
34 492.24671198932714 90.97722136951285
35 371.45117914996047 385.38093579433973
36 332.691307139406 296.39252016229113
37 109.48227326122799 249.61225893695553
38 98.56066593807166 481.123722965491
39 248.96550260558908 458.8963693875349
40 470.46324573320345 325.0163880820049
41 220.2126760197762 10.428152905127911
42 387.0512577617926 340.1701277270602
43 167.58967605517302 236.6326115996565
44 110.44481403884433 260.80167632265733
45 91.52321028296383 151.6419974974972
46 433.7134810503936 43.019838949888296
47 24.66147188832876 333.8888609219293
48 227.32044558646305 33.822046394743566
49 102.60021660461811 373.54128957047106
50 32.923551356209366 176.49427006220156
51 274.653206019513 461.08170313696314
52 265.82340406635194 441.1244717495932
53 426.1194337355445 421.062070832806
54 404.6500817843871 493.1242513822412
55 345.3797649387228 43.956275485161335
56 208.58817495352224 468.49415668308177
57 276.94137967886667 354.073781620083
58 57.55423701787911 79.06531449369463
59 242.24101458733966 500.6997171007085
60 470.26100589341127 164.1031712270209
61 404.61664804575366 314.9822459804214
62 198.02966770293142 178.46889146731965
63 473.36198490374494 128.601135460825
64 42.544417371511955 47.99967968177376
65 17.18936891245357 327.92042561705773
66 132.48290953961606 219.891333644679
67 62.74416602585367 233.1529326278522
68 454.10132041902466 190.64481401609046
69 491.0370927114069 288.04635813533855
70 309.4052244421126 260.57293278909617
71 58.791104694447114 175.73779941541235
72 188.49461140293755 214.95432734683033
73 290.7353874175085 424.7179358034586
74 212.03643746735696 143.66886798345408
75 30.821543525926995 223.29608314679527
76 400.5880262295318 98.55186595833709
77 217.18545608792257 142.56387681789752
78 481.67170581661225 317.7641901578721
79 221.43357165393917 146.61788566244877
80 312.08402322571243 275.19110332361754
81 151.493009025407 283.7206460668909
82 239.91195651288314 375.25476389414126
83 103.83282410774143 176.15454125360932
84 371.124435967012 160.55360818175825
85 150.33673868370002 452.75464378822016
86 242.4087237579805 8.42637170847507
87 250.48826188335673 27.494021548736285
88 324.12974370422745 364.87955202231944
89 336.8145830592955 205.03937805450917
90 76.90426814905156 193.31378474448928
91 15.7285514116839 350.8946445397016
92 14.302704390275565 453.13831093544167
93 168.00618914475376 499.6069581460142
94 288.61769009467844 31.672076000043603
95 193.14258657782878 62.521855006109845
96 325.4721121061901 270.6958693431396
97 290.7396912657975 439.7436732697278
98 401.277826291838 337.6419912180823
99 394.8972130559771 174.28234527521656
100 312.2025545337752 452.6862261474122
101 302.3012718684541 481.8489302281882
102 460.3536602675301 130.94156771206605
103 63.33556746814252 315.4003171704846
104 209.34574936953504 365.5437294743474
105 387.0756083802694 372.3272883676287
106 323.2832336816344 379.66593197109927
107 126.46931882830388 316.1301503535086
108 99.45956302458873 371.4033203181398
109 396.3556550481517 237.5330483131617
110 64.75152437019982 403.02735806586
111 430.2279597556629 311.2502368521969
112 173.77007773895917 401.3259434781366
113 83.80983724768346 351.0369051234372
114 481.31833381684015 24.6176035534764
115 229.57859542639383 461.23233283297907
116 130.6029485663588 475.55580374082035
117 326.34521541594546 237.73417836358516
118 299.9468627976702 151.02454144586181
119 127.87939641132161 11.231116487855218
120 390.4593827631921 417.26687874221875
121 275.354595318688 404.5642529093303
122 347.23373046640785 86.88517586173037
123 472.08008498134075 42.28838894709259
124 417.1628971848576 139.5054075227996
125 37.58611567470598 92.8606571280472
126 11.39126866745327 42.706951677318735
127 354.6326023643067 366.39637939119325
128 80.75240645478148 6.285628098930052
129 73.12343542514841 103.60137865497747
130 11.282895269201143 383.039531649075
131 496.2254198537358 180.31489362494935
132 103.0474428988816 393.04553905406965
133 146.21488369727868 333.0788406776362
134 61.06222286657626 309.8290073144563
135 382.70458526193005 194.2866665032061
136 257.0614902760957 197.92003686133583
137 288.93981793086556 318.75927705804133
138 184.21684475646097 304.0365417052721
139 194.79498628156864 69.04546710136424
140 128.68884035988012 192.53810315660814
141 350.9505121565711 198.3507910943806
142 27.06748066419093 248.85349603275682
143 158.4848886537144 149.76158951032562
144 360.34121942591423 192.30141233751218
145 344.7777499724393 111.34980265708211
146 166.0232710824117 313.09516155925684
147 89.18724190449883 77.81915496846543
148 417.4595003823966 193.35114942241907
149 414.4386047157097 205.58534393972508
150 9.144033346402747 275.6049733768941
151 24.04087400503052 12.569742495367487
152 66.0766318831994 217.68013605471631
153 382.3344357991637 29.530785379305986
154 43.81023471249434 110.75131610986992
155 456.96498186374873 300.45704622998966
156 351.8574249087248 246.097364403978
157 457.6775949074533 224.4024183916308
158 275.55151422738805 271.349025957963
159 315.33004273850855 63.15686387176581
160 497.29091382049126 241.0019062033614
161 305.93500166854835 36.31456232938784
162 355.33443026744766 230.5874788661749
163 461.3586766580683 311.6271554874619
164 284.96122726082285 386.1732108218158
165 317.0269070569316 326.0106111104486
166 3.8602841994754193 482.7973580398539
167 85.61937217403602 284.21246588406865
168 85.0726448435213 293.0348977218439
169 17.269164651536038 335.9396458638029
170 470.6738948773078 302.1381809600351
171 38.226825764656574 381.1976103184077
172 329.6546368954794 56.09898627932552
173 218.29719735912172 146.69804770437923
174 376.1338571427704 216.5385484723964
175 214.61167656556614 143.4546293226844
176 357.12264904815726 153.54765711792004
177 90.46005064816462 339.10575564786035
178 451.5453419496289 243.47116997538444
179 281.9733531542278 389.0781251828951
180 183.12052972288274 320.1595663221166
181 12.422686309285497 22.43657018207904
182 255.00602727018997 89.39468327202007
183 131.77901189844064 210.15306423688156
184 361.820216732004 150.03771336292675
185 131.9649563129242 25.57214377336175
186 125.76598970599403 124.94438656753364
187 75.92201857103507 198.04973572921858
188 237.10453251422368 303.84595502236465
189 229.21538465110015 137.0991521429263
190 222.1524259178213 69.20371827303877
191 428.40314311093067 344.89053743004723
192 18.308991647190147 314.5110802976693
193 85.80814074285111 447.6191420148095
194 136.35985089214833 457.6387850016942
195 239.647863241556 232.0828046969485
196 216.44813047625604 132.59766175186326
197 189.7014629361227 439.7906424889506
198 199.65664589201842 69.52765770259785
199 85.82295802502996 224.0625360912715