0 286.9865222901172 203.80840215283183
1 31.761420772581534 10.460314121757357
2 313.79073095746105 449.1356783319196
3 43.788580622521664 315.7256723622453
4 106.19602941032518 478.6738390687589
5 119.20554387526983 136.8316093771557
6 399.5652183526976 440.63570741653587
7 176.47426922472584 425.7577829768548
8 367.57448135872846 476.6034166581009
9 8.938982634821459 486.0088423612232
10 201.5042329164838 154.14862290822953
11 331.8517216804571 73.92995508536504
12 29.973820217460556 153.11627577223084
13 347.3274231059666 302.6521275744764
14 219.34686620085586 87.41797154413774
15 8.735583020421014 37.1413701735505
16 447.44551499811405 227.85043431864543
17 261.774268237117 426.9472339775109
18 462.52889756566896 484.2794327419782
19 66.61809365307013 105.02517045720936
20 77.71514112521892 413.5111609987532
21 435.08346498327427 111.44128906649306
22 249.1556109037034 164.31070206433705
23 463.7122097676824 499.8591744389355
24 2.3068197249498654 185.32107477762708
25 91.03936171515738 132.4553536375675
26 73.58727834882694 211.08672307918144
27 338.0809206274543 151.31335004914172
28 298.5555550201221 495.99157590305106
29 277.25450983266137 111.4060015196595
30 174.50050324383582 465.68467653184763
31 355.52869625760974 344.9910723345137
32 494.9958832729954 457.48510417534015
33 405.58607153074854 130.61798069767
34 79.5387658206006 444.3333914365046
35 359.180627625807 344.9710900067001
36 432.8651142051032 170.08776682866628
37 185.67174389314357 320.459907201241
38 20.915367601880625 392.35157580412033
39 9.925233879996464 272.80747790806
40 486.7093730348775 463.5618578545544
41 174.385857529193 235.88498979352943
42 231.58215903758304 315.76949802026326
43 212.14659952501458 97.69424214815129
44 222.3307875188819 460.39777006813443
45 301.2664591452564 466.70895706687935
46 268.8272949104611 468.2785725808805
47 238.42164066424448 250.75197068274804
48 206.56409905950034 8.434944928260713
49 364.2142863596288 33.207128988717564
50 136.41522658520682 383.40343267375164
51 121.10837595386003 483.64335659692904
52 285.6209041534812 127.37122330067159
53 102.01421645516754 277.86262906574103
54 91.63231374734548 180.04104409776545
55 469.0008334226436 229.97462478815993
56 298.9899732175235 249.93026083900654
57 82.4800936458841 37.34781728113389
58 156.85130576603584 479.76129743082333
59 8.476472537635695 346.189999128404
60 303.13166269552033 181.70650928426565
61 261.27370692145627 70.07102582592283
62 480.47793721577165 405.5136963951106
63 291.811905710982 221.91614001718048
64 9.455035456985655 299.9572145912975
65 205.69867000354674 270.8704948749046
66 310.3929586131652 270.6346726490643
67 86.59262318941508 406.96368567186477
68 272.3156419346856 149.86113101816883
69 93.01999414158776 383.6877061432227
70 482.2528730329939 161.29990979209938
71 161.39263616766738 486.4427710760357
72 69.02249115795853 231.01327890655165
73 215.1101612730309 18.30195548291379
74 422.2626436685784 269.8165539563273
75 230.14962635228494 96.69975125068618
76 74.09234703404944 369.175449021722
77 353.4724098881635 415.4583659882408
78 328.28367659534047 444.39934662642554
79 2.9116176011425625 78.0320214328078
80 7.239733457047869 217.5518744988292
81 12.94208218463926 8.971291118620053
82 280.3903848627584 53.32570263878495
83 383.8807168049801 384.3879405944527
84 105.84081719142307 42.10962768713421
85 126.61685310131186 6.635156265582107
86 181.23849259667583 388.6138847160642
87 481.9299060415927 12.50912042813053
88 163.8595259805601 70.71338317058851
89 456.81642479191527 265.0247367982062
90 42.85855321051862 436.61909965300845
91 252.01848169462562 330.22174655222466
92 225.47421640418358 318.0938541628132
93 68.12275722181924 427.51696207361664
94 261.7377769507826 14.191805621074781
95 174.18213376583026 282.8343097772514
96 132.89305109980714 418.919636873371
97 357.8013325953627 378.1162397142408
98 146.30358588423363 346.2928802689016
99 23.023227478063152 137.84858215998693
100 263.09648572513515 128.4919081548049
101 234.15449070232677 200.9153261818223
102 100.17209980166648 302.2102713001018
103 408.87721694128925 493.44086107590215
104 402.4951111295956 273.83152065754916
105 212.60732915830863 461.27382380292823
106 464.77482556877237 159.77138726762354
107 376.08097321058455 435.42069304375804
108 346.7410532766626 55.1779743968564
109 260.57731387704246 243.04622949194126
110 170.22695123422582 343.1960928943175
111 0.018609363496326914 355.62389523205445
112 427.18134435848907 250.16995453573978
113 395.4279929654269 20.44172357576089
114 472.55030465931213 240.48457785717622
115 15.870932070658448 39.946948269772086
116 290.69147884272877 455.2267239182887
117 139.05789592270858 35.34759037153612
118 142.6145608835086 327.4847580441357
119 156.24397164108902 294.48000009081943
120 396.8773924542479 166.90013854491664
121 71.92525396274 6.198335741205433
122 160.40961241344624 430.03372831454396
123 4.102537111764481 471.4452147552049
124 300.88425327042705 104.21666784242029
125 337.55932845422996 107.7226209713596
126 21.512794899151526 106.8177652643298
127 280.6845507149097 413.89764251975095
128 440.30021707971264 298.27902741255235
129 91.85919606413562 280.1499027633823
130 452.8638263938808 246.84540275971597
131 108.32196271570231 433.3957370391626
132 241.8935473803417 117.64686956858083
133 12.730676815112517 61.708917346087965
134 406.21108173937034 90.67820938644141
135 442.34394496271915 74.09829656699304
136 18.171338021939032 12.266180403686375
137 90.86232456424496 261.5000067452974
138 370.8423476938631 41.81364500144317
139 444.48824253138054 48.995145407104175
140 220.9980186352 374.96683243341363
141 77.69106532997193 400.0733169730862
142 124.46327347597844 218.86465912862903
143 248.4964303283517 336.2283959417582
144 261.76217573888556 58.797803444613436
145 71.85847389650677 499.29485497292154
146 208.336949762834 355.4305241006599
147 146.81883832219054 73.71132753137424
148 234.82963450666833 219.71973082480451
149 353.70831518281545 397.33257966031886
150 5.0477151005189365 266.8033529221429
151 380.6049034664232 5.502084687949646
152 489.2714124706152 241.42412163460708
153 203.6261952285575 410.84430859448537
154 452.5026862219217 227.90498512593837
155 329.40482022982235 342.63901058546884
156 131.1045461349581 179.29894368828897
157 74.2720938609485 277.699805990365
158 14.034129893717397 231.09861967590496
159 30.258206739919082 52.39473992174132
160 172.53433085486077 237.81001122360036
161 89.00660523124418 452.8187253570682
162 204.7159600212868 223.7698595240827
163 67.09552780859389 208.15618447796533
164 135.9359936175391 445.8177672454873
165 489.0615649662827 435.9567015500239
166 25.25775012345621 43.82160286675065
167 4.62814488815304 129.3872255729667
168 91.56429055481122 312.5989321159738
169 258.2559237184533 458.5215604093659
170 363.0895038456812 401.4773075959459
171 175.15275289044044 216.3813102150039
172 193.22922426325445 376.59256448368967
173 299.3076466435312 456.75154883409897
174 467.5003235299239 369.0372842225936
175 228.9459134095323 459.76097791431926
176 422.4261226674087 169.14012730578264
177 126.04238287478071 403.8378035581969
178 293.9445218618586 492.4823907254585
179 8.174537599088943 262.93124246924293
180 370.6584499410238 266.7390341336154
181 207.04971065195136 186.82298014188044
182 92.87820089868762 223.0697659383622
183 413.49809916698575 330.94390421466085
184 16.941587489048562 198.57912283809137
185 177.5877656301642 345.35809993637054
186 266.7397651106438 35.315068248399605
187 53.788352350739906 490.4799895357379
188 77.7258323249122 133.38186415994912
189 295.78690498493825 104.64959999196007
190 134.93750098894776 186.00583008841275
191 127.64224201783338 456.90697133598826
192 130.7269441643154 366.81144990885673
193 117.453450001028 282.17873698622054
194 383.9576711895907 218.14037633275075
195 50.61397858971427 168.61826214911247
196 354.40252216475113 270.9776465842053
197 12.023932064129184 236.02525922011074
198 76.95622963652582 432.93682376105113
199 34.34186414957463 442.1116298509537
200 325.062449313451 496.79972721477236
201 245.47098552712725 191.87738204383658
202 264.44754956252547 165.3069045856027
203 395.9957864415722 317.513755170908
204 462.8517189876428 321.25107976910647
205 497.2113758265411 371.0602383193503
206 310.9534538155896 348.4387542001949
207 26.721090302044615 114.5080176898238
208 320.09392274996753 192.7540102345523
209 298.31716074394143 491.16459665317956
210 231.72574157389775 443.38362637772616
211 80.00462751541528 305.87227039659746
212 54.73371017019883 114.24436484595364
213 1.580596368445845 330.10814965240695
214 414.9055642537829 475.7907246001076
215 28.13878048837988 469.0839769115474
216 33.86636909018272 159.6753365195775
217 15.233692336548208 165.71113880830393
218 249.7329156757977 9.184885050540856
219 414.20921967492353 196.69952743988762
220 150.59303495840769 25.98006877507365
221 165.37312868938758 28.11860706221602
222 312.66950342031106 37.43160230371841
223 199.28216401657085 464.46476041848086
224 61.68957686711871 158.7626797601347
225 175.39134560519273 334.6510493909458
226 363.54829256689044 377.2837860991217
227 276.71702751086804 73.36387546053933
228 175.8276054617906 101.23703970510405
229 371.9645967345656 88.9157188715616
230 58.11302234357771 297.1550500504598
231 301.78003826819645 444.06360405359476
232 341.3358033982503 362.183069999091
233 349.3986616813732 474.26048920880896
234 390.56093835468084 223.5137750995298
235 157.9848064884385 103.45972283140351
236 321.7398928713323 195.9398113618009
237 463.3831837957316 253.90234081526884
238 497.95202224948554 487.5427299038361
239 472.8355061051539 408.28304089970993
240 260.56947448502564 345.7051076901976
241 128.4551683139946 76.31244981499763
242 114.59809214644018 213.95856188832704
243 227.898500951893 87.97171087385787
244 464.1701303755544 387.6611418559837
245 44.7226406068979 344.69009263768703
246 53.79488023639668 80.13586276302821
247 154.37820337875326 402.2670287028426
248 457.5089026769005 478.6956289728656
249 73.6491376821847 480.60710294592155