0 233.5105467324998 273.93027527930576
1 189.62282820046795 249.23973991113124
2 399.21157383488134 401.73791460781234
3 138.94980500566945 22.155194346576724
4 398.8938149778675 133.84508000193776
5 437.2360949287339 263.7038045666159
6 51.32000543618139 450.97976479157063
7 130.89991736395925 118.17803867131026
8 302.7150189053155 68.43597149788339
9 168.72027614546482 1.2247543209922198
10 143.50772689577786 307.5002632759835
11 428.6066368929412 97.42006613228807
12 238.1033335133061 465.09845152070505
13 50.82679801205485 484.17959009818867
14 74.74216878057186 197.0642482829932
15 271.0446814183591 449.6742690758901
16 438.19356540541804 439.6323208943407
17 383.03973478022397 463.5752828550622
18 48.63172091444066 230.11407373422168
19 350.9068319475557 134.2606956849711
20 487.5456060841764 405.2279253723744
21 278.8684070322714 426.5829864978423
22 332.945998844302 462.22395923267015
23 98.56985914018195 304.4179937399809
24 15.45004076150609 39.76864837472449
25 344.87454123127577 448.99477528490195
26 479.0475548035173 330.5366353978723
27 288.7269282428803 108.43979903900367
28 62.4829892474623 389.59401099136915
29 13.609897957057237 161.0602648929748
30 460.2232114514787 254.95177652323625
31 184.48696153174015 413.63813075175466
32 127.92360075742509 436.1182640928201
33 350.8901959497874 202.40976150405828
34 302.1535344812703 302.0856770632716
35 101.99197668738117 362.46576374641546
36 58.89747703467786 119.9486425671798
37 237.08101163986802 158.0213540812354
38 415.0084917283188 454.27177963440334
39 363.8530331888408 352.37964684582346
40 35.35916567299025 399.3980358775623
41 500.32148501870535 116.43868750917602
42 452.90766182954883 137.12162675203578
43 259.95568943615336 106.27737811204753
44 46.277248129765084 63.536502518832705
45 143.8616795023417 90.69661153583951
46 162.73340214182176 295.41560135941234
47 258.43558402409195 164.58872026282424
48 377.635026202957 167.1762295250709
49 497.9392064108578 184.66166342285098
50 298.53500675523566 410.34321127523634
51 313.875174522893 225.3543203612627
52 249.11026800572776 26.434442994272267
53 185.87106996499375 3.7444411296596525
54 300.0123576285879 10.362196762559192
55 271.0220792150941 408.87355342569845
56 378.5473494259826 401.7687102738325
57 492.28641434497865 443.19090332651206
58 79.8172228630263 325.1962574060498
59 471.58018579023485 125.75348612776398
60 348.5848004431088 61.62934507407864
61 265.67599060160467 90.40961200119702
62 363.6605595642957 354.7407409567478
63 295.8739313864041 374.441130319195
64 312.0518722446249 101.12330762776217
65 193.68414067950206 146.04196515281828
66 160.46402383523852 286.8958477032568
67 11.436884385713274 389.57097135721875
68 164.99710838587575 455.33414318943517
69 342.8189931622023 330.7324166738478
70 85.04404908169616 273.5969879150082
71 403.8250659473475 228.70963861703083
72 463.4624650134058 226.19257868982078
73 29.50677624843169 433.805779439347
74 341.06669890621015 234.56170780514233
75 301.20614541801643 469.3300279096635
76 467.3660417827039 40.04219765864924
77 196.66591644003563 241.30856764445863
78 333.2616819018579 471.522765567522
79 245.5249588016765 333.09667973715835
80 343.1068453105032 269.2947945673658
81 78.22681725275436 225.12147067631582
82 490.13365623306186 495.96690358135584
83 147.29641350627287 188.7945924574138
84 152.75478490374113 98.8199294891866
85 99.27296776654464 490.09994069065823
86 490.65926730682014 111.64881248490707
87 429.3262920059659 482.4833526781798
88 406.93925894876963 37.96319090938602
89 38.72927905941015 110.4499451191505
90 237.70804268845782 405.39982201354366
91 257.91104376577647 290.70878061627417
92 65.79952797017845 83.33772117795966
93 143.77336179802975 113.79598199266134
94 26.175613694532014 421.0008852256797
95 112.31703700696558 320.85399140519706
96 21.610214079117476 391.78353110125124
97 485.39557210706937 470.6482413331588
98 487.0673094294319 446.13937234816063
99 36.5902514105983 277.9619991651431
100 181.94522360448522 426.1391171045375
101 482.7835128612807 109.22606649059271
102 8.020671085864674 422.719162477085
103 72.99714089672659 181.61179094777097
104 441.4932646535296 176.71995598779083
105 148.45692577175808 82.8447143923874
106 482.0048986811019 152.043605356726
107 483.647457206856 311.6800011024727
108 424.8883945066401 172.64831231905555
109 222.3286352812703 122.32244540146658
110 297.18573698902657 75.64090492914296
111 494.0997372979465 98.07015423665256
112 22.168772325619404 128.42907159906977
113 492.11734152862664 474.1149380176932
114 199.193913623859 34.75142595506785
115 430.00035352509605 402.74155879112425
116 358.7269214342817 204.41589613015654
117 231.7880689738877 8.134130040721807
118 187.28557257900755 49.746404476579855
119 219.05684828486275 240.61982313587967
120 457.8647774346702 468.0624129902749
121 305.94609407356654 241.45845529996106
122 300.1328049786995 271.9977537919398
123 381.8963289159244 153.22106500911354
124 9.31687494337289 280.10289155311267
125 100.35997569332787 500.3914991820846
126 236.23270168213375 391.96825634331105
127 237.60968558918177 25.07184219587083
128 245.3548110998149 457.0570117056264
129 99.03971694807932 129.57622496609173
130 394.17313774729524 415.5418966443338
131 199.03250876800666 300.2568118126071
132 61.33640208760309 164.70309435086943
133 11.545603769403368 235.12164115397988
134 29.243620075651926 336.8637936216196
135 128.06337565222145 150.6762170161041
136 173.8127940012501 161.41449613151718
137 14.453603313330163 78.94897595398952
138 372.12935971924287 369.2091627486759
139 375.5703411263594 300.84510771902745
140 178.55664941282245 87.50364821141699
141 271.1531549294474 400.8145613184227
142 139.67709054116187 13.65098657803984
143 231.68637354786966 303.316457587165
144 49.1249957192987 166.96820588789578
145 31.40302403811772 17.71616794453877
146 50.97059041019766 382.54584271383516
147 160.54462688693062 224.06013989174394
148 206.8196662553957 278.28394191452827
149 242.32110016243064 231.64011682097728
150 21.204490077230627 292.1074371846004
151 290.75421116597516 289.37980131141666
152 430.15893145087176 498.13880178146843
153 200.73379826343697 138.8559199264349
154 386.0944490945948 310.5874079735705
155 283.16722206466216 187.19965224842815
156 1.2233741975153996 333.25277996223315
157 445.0610528747787 127.21575699934165
158 97.81211595266609 15.832801089364228
159 311.73797159396344 341.80327621014777
160 108.48939393859587 493.67802417581703
161 162.16238874644048 412.16557457993093
162 489.68297792407253 394.24000416597295
163 12.525079921095948 91.35637603647646
164 132.01359894673436 164.22381547480597
165 54.82019560514846 124.42501345944534
166 286.1356111083076 392.37436453618085
167 397.13715748273927 347.7955632570509
168 103.08141531185842 390.9008125446635
169 197.78561235358376 82.54312617669376
170 224.64043989988508 304.77525810360817
171 325.17304728576124 407.9152390046883
172 212.68307132119432 276.52927894693386
173 70.56319684156863 484.7868406030632
174 210.62632600303078 257.7160188618099
175 297.4571661631056 252.7345570540258
176 392.4303641405189 359.9056331659049
177 64.35982012605945 411.0694037462844
178 107.61333884420662 209.93831994680139
179 405.120985806143 258.4764240932748
180 110.77747572811057 123.1719916658435
181 378.87372619043 138.87562370264297
182 360.04983713567816 0.630464597074043
183 436.8312259358055 387.7408002881301
184 155.6589873315009 244.28317546427658
185 363.84963277056164 388.3910281729669
186 274.59232915638796 104.16921896762175
187 251.7155876675769 52.704072341450455
188 283.9085871956603 296.71567498960945
189 483.57538499302274 252.29206728957604
190 427.8163124254228 369.39464890478365
191 153.78693911207952 468.42666878922773
192 270.0715349796778 258.8132415638221
193 189.74623530812062 199.9041618865494
194 262.59623558587936 158.43747691345445
195 126.91658343106074 417.6009248991377
196 489.4743513813831 292.41346216712094
197 143.37230248325844 137.6848780028714
198 96.64313778480252 419.36856700036407
199 421.657353417183 20.32126612818554
200 299.6648823200118 389.64997462706486
201 317.65515995893077 168.23903994903628
202 358.9380225139588 336.1900050993457
203 98.46759954810258 173.708624187217
204 124.58606806494834 109.074803069493
205 168.0091847203483 292.3230739248938
206 13.049353223778565 362.9373193056987
207 277.1364609728564 481.4712479873303
208 245.09671970302344 250.49536252428555
209 166.6536132542861 433.54527133886717
210 259.5729180450175 26.912341220234186
211 430.4614975792663 121.73387204159077
212 446.7025474793615 427.1705938595822
213 116.450887218513 286.7193048764755
214 196.18230535357378 53.316398207003225
215 233.47934509046294 214.7172814166359
216 291.61073967151356 146.26096830727437
217 304.91732124643676 119.07791416548496
218 297.02844281376093 452.80306537521153
219 65.80019138367345 365.10030672964706
220 408.4713626610563 111.67655772879229
221 161.58156726483824 271.80374694072003
222 139.47617661087105 366.72034252814257
223 403.8468292978975 215.14634427639044
224 308.41887712965297 87.71804799541648
225 229.1169712039237 240.58441813275334
226 478.41654880907504 79.06155581166857
227 465.04911025280074 436.926229485055
228 385.2770597074612 308.154970019693
229 357.92333753771686 343.14890342943505
230 354.6426636924561 218.39459921153312
231 98.29459500560063 222.21984620263706
232 352.04057647525144 13.635842907879141
233 185.08408928453616 88.9921692266236
234 89.02776743055388 312.28906572562397
235 22.186087756861944 477.9280648459241
236 17.99648644989818 352.57462695044717
237 67.87443968958215 16.74512938789234
238 97.49360736503758 485.01070792159754
239 146.90693578501535 16.077477776867845
240 420.09907449698517 468.9081921187963
241 266.2465072282658 362.8970061683952
242 116.00739290687426 194.50296807585912
243 349.74484427711315 208.74960332195835
244 441.4610491720279 274.3691064666784
245 301.9670013505276 70.8269878873992
246 43.095719227139284 53.92476004514024
247 183.57493549325818 136.51684389108382
248 207.07472516576783 482.1684762336727
249 46.33337701010879 275.35240628156106
250 225.61365255038692 383.26441850549725
251 134.85296990556003 456.21705251979324
252 127.12608774362774 123.23328762611101
253 205.64423097591865 491.25029999427
254 140.75728224261496 281.7991059594585