0 158.9192830102337 271.14887757547916
1 114.51537751848842 408.3927469101123
2 499.8496401341942 408.4594788836485
3 63.558009424817314 135.4191937428709
4 363.6644860996247 470.0198332699179
5 121.44723852376997 378.1582143690222
6 468.05727076970777 281.9200937159452
7 414.34690343334495 77.08738895574584
8 320.857495890999 72.22909027986465
9 259.2037655739656 467.99121756169416
10 444.8201195425773 43.257762470316585
11 118.92736972888338 69.95182119664403
12 122.68683304939671 298.31720660822504
13 393.46384102451515 182.2041431666491
14 376.38146505529636 392.76923169254667
15 449.4443373948177 393.8828572921586
16 414.3158030270177 147.66452796289738
17 234.7818766864515 242.88800699550887
18 283.3030661653589 237.41674730414923
19 398.18843752398686 439.45307813274786
20 261.502525385626 456.7706382936654
21 67.08937713689664 166.5119723828177
22 289.15218967083786 496.7878781417265
23 322.82325745414903 351.62993571283874
24 354.58546608459034 470.69654870408607
25 378.3324887064688 382.08912478513327
26 264.1733206199886 376.2282465885953
27 165.77402643619368 170.70067752882682
28 137.38524853126202 143.50194192215693
29 285.6089391864565 94.05288537545232
30 260.12030584557647 387.6037192037696
31 218.76611258194993 261.1990527001545
32 119.82366290091129 466.7593509164935
33 283.4175661314891 254.2388364904561
34 31.674869828039444 471.3995154430507
35 3.751414185543545 431.853263786644
36 217.3104815495821 262.477264093343
37 439.88371562010894 90.61628572552651
38 73.12698099810092 236.11297774709965
39 485.71108125626614 284.8248167786786
40 115.19894403597492 26.014360409622974
41 321.0738399949081 314.66420342360647
42 211.24312329791098 440.1471512737504
43 429.0727735373561 451.75769217325984
44 266.860724876465 483.81675858782467
45 34.76252791900047 202.53604325715781
46 437.4981788085249 457.66221143596584
47 379.73084978850625 491.4074336214204
48 255.18111690343514 189.06031579463033
49 407.2653139341985 419.40797986528725
50 271.09655446307744 122.09174941128504
51 324.90755649508577 370.86963305113403
52 390.5251798944351 110.53011752820554
53 432.20040007366146 34.65500978869779
54 83.45862072932745 438.28088286208657
55 254.34370410041183 52.67740501846059
56 18.475762781168783 249.31910822297442
57 275.29284948061394 348.7497072236573
58 425.09792730759193 284.45339986778123
59 446.556992242582 352.28734785477343
60 163.89401099440778 497.1778587399458
61 208.58414195774483 222.0277784856308
62 30.06527492596578 378.4647204039573
63 433.15637130819806 339.7234910442838
64 227.1032635210924 39.59756582829141
65 0.6607895102975335 285.7152402984356
66 312.3851194770703 357.04794682618774
67 228.45054579337943 211.39886451112176
68 116.2471117375766 252.958365579285
69 408.76496526405714 474.8617577373581
70 246.16041370741146 493.00985861559644
71 21.839122499364695 146.3840287423325
72 287.1223043635649 138.32482079562783
73 26.900593727606413 498.0743734362916
74 215.27138883277829 161.5839698015184
75 166.72447545843033 315.64236939938536
76 303.0374236430754 12.720787477718524
77 408.2981432011033 459.1965632906086
78 477.84417599001375 322.39772455006397
79 418.93276716083113 324.00141695699585
80 159.49796110586212 245.9655912719696
81 441.8514600514672 474.3268465330854
82 55.915169301861944 374.76063951642635
83 7.882343555385294 497.8799091688193
84 226.76875161030023 493.4036108332429
85 165.38972514836854 256.82160545902667
86 482.9666235964686 410.2307857327193
87 248.98773709366077 42.04000247570945
88 297.6143156336084 491.10918774828343
89 255.89812227454723 269.176652495401
90 430.2595192041703 472.6662581213261
91 8.03764086727937 239.8843165614324
92 356.76815436345095 98.39909061815528
93 95.05020548633388 153.93202445131368
94 424.13940710485946 84.21899927635978
95 4.53514409940889 456.06713978397255
96 302.93155875501844 405.73432230062787
97 439.66547685033936 300.9945827047769
98 418.7409271691417 418.9776890598112
99 2.2383718082482504 376.43952074746886
100 488.3528539271791 336.3434792468117
101 318.9552847126369 9.02289543036415
102 167.7669255328033 108.21707038772635
103 114.3899868769144 1.5976222685495793
104 56.28771844935892 329.14966469922206
105 450.67043074595273 352.76903661382016
106 440.267792925727 335.46045634765585
107 41.373723476723306 57.554029407437355
108 201.89161560770967 266.83292205741344
109 42.51368924971089 454.52166970872923
110 244.59699105492487 435.81254639456233
111 203.7862495704153 101.30133182647845
112 68.34477090147448 481.11026110043844
113 22.43063814667207 31.04515893079883
114 379.9683478026761 409.2697036351845
115 342.1627178121017 241.28776546498972
116 169.260788849223 263.5652993633879
117 315.64193422893425 170.65897526085598
118 213.29106221025285 329.9645409924762
119 297.8441345971445 494.0741852674464
120 297.6794590708341 459.60961002097116
121 454.5303835714045 432.35223347063703
122 255.20815305059807 285.55191973448933
123 299.7249551043765 440.6921502211639
124 49.19472900992968 315.4076828604245
125 407.7461673627029 3.077623509726805
126 188.5140269358349 97.19344332199339
127 210.86923191914022 468.472388707754
128 192.01847165019635 415.84764568782015
129 143.14336130537725 253.61939712890603
130 163.37714985661165 199.84741941327056
131 320.23332567627943 498.3634888811053
132 236.03088001340524 129.88970874117842
133 71.41109017168586 146.6799530338296
134 273.04341971160346 177.82127219637493
135 377.98385992194534 239.0099663612004
136 203.1182996968678 148.87440853237717
137 133.51265350209468 124.07951347095464
138 262.94614533661564 92.7936055844877
139 211.14879798741958 124.10962487859662
140 197.34928271250868 287.6226398204475
141 430.2958109903674 165.2134094104549
142 148.3983005136863 347.762783729691
143 371.5902755481854 210.81949280481294
144 15.789528308397552 378.40955587099177
145 405.8875896715828 379.1615232191535
146 36.29293980592992 464.62906888293384
147 391.5371973073796 454.22987419662155
148 164.00669187018826 189.14428464416196
149 234.7368051896996 93.09444704836035
150 76.4875380170407 284.3675227349321
151 363.1660485725539 387.17624148565153
152 254.56566412671216 434.33761945349374
153 171.41770778663135 41.870872234978634
154 90.79792735496682 209.99840891376616
155 160.96808320725398 367.90824341670026
156 411.06519350768866 58.68960560884774
157 260.55787436737853 364.9706895532074
158 55.77776953749671 243.81246328177514
159 269.8913573900488 170.38554416793824
160 403.51659945469385 128.3790658707862
161 424.5037610159197 268.1584089337276
162 235.70922572104547 200.55781076766064
163 291.4955728272535 336.21993522974026
164 384.11536368030994 241.3871915303848
165 69.58713810041158 322.5213822204385
166 388.4807204302327 96.54560048987037
167 343.608411618207 309.53335012229155
168 203.70644049511876 46.43710383039544
169 485.1056991619526 482.7773741250381
170 97.27738398198136 340.88152984496645
171 173.22125549727085 26.25112274469582
172 426.49392015508573 48.38149387805567
173 408.38109185464515 57.996065733517064
174 402.26021515862357 478.2801613437093
175 446.61286340192623 231.60025008166534
176 269.79600206396526 11.120346549463418
177 304.5077479842516 482.12884535507544
178 17.65952996003819 368.16902742974025
179 284.93912778832885 431.83201125874257
180 345.89595284342226 408.3808005447
181 473.6556451982112 333.991683833762
182 85.958600077894 295.0397443465686
183 268.7772410155403 24.4385954226476
184 172.28979333927256 473.9411538263615
185 268.04044829639133 237.5953483293411
186 484.0931775679537 137.25293245248074
187 220.36254526217323 260.38319122170617
188 80.88167699758348 55.13104047149471
189 314.92419631000655 328.96777035139195
190 380.84277576884466 351.75415285085256
191 235.50640102940875 308.1130671825009
192 247.92749091280703 73.68984416071048
193 248.2598078792574 154.8627959239589
194 338.8394290724379 142.40780331237832
195 35.43320211722978 353.37527119652424
196 212.77769050731928 30.315333274321965
197 107.84279877431827 473.0001000700897
198 373.8697157412012 328.9060153833576
199 351.0250699630954 245.10434776704392
200 374.7200073940231 132.48462387943013
201 163.08338330622013 35.73069132884587
202 32.39583729974452 21.45964123344722
203 157.21217232559565 358.90174975559034
204 68.47282114967642 219.37936225928124
205 55.7622750847 103.27248614211332
206 160.47152749770015 379.72823402560783
207 233.4973597101711 452.8762574252383
208 471.1300771787598 307.9973489837866
209 285.38351191193914 499.91062891743394
210 150.47864782775184 302.6962260766185
211 104.8529488044689 431.8652345624662
212 177.60839581865216 194.78248497430673
213 167.98745229592163 209.8069218892197
214 108.3600671571338 83.45216006525835
215 91.478357518642 47.306000880098644
216 464.89731085704085 181.35506372632335
217 51.53746620760304 103.3130667137573
218 475.27478324041647 130.07816635830608
219 281.15653661313036 196.2769227859221
220 316.6631743628489 108.17463728800291
221 165.24330705776143 499.9320408602136
222 279.8510367142776 15.10659023708714
223 387.19770467396495 91.47784886438046
224 483.007863836874 17.217222599154837
225 128.4347061814263 427.3223965860912
226 332.4631103174723 235.25083144878818
227 71.20855164984498 230.16930925163737
228 404.432712868453 378.99905712488385
229 263.84827758976115 49.98975703371183
230 263.2076796516672 170.36751263150066
231 437.17523480672537 173.3399970019271
232 10.308640796489739 445.52886075822397
233 474.4411510968451 351.56024871054734
234 474.50546421746725 384.8569083912806
235 13.59841070172451 311.62223058104627
236 491.4033094299152 430.0207121420499
237 83.09451489975207 291.78026060494153
238 164.50394425729473 4.958665727146593
239 208.6686382303109 386.7247102841598
240 275.2658978536078 313.44942546247717
241 155.8204521247065 301.6371236231483
242 237.70703025086266 70.64993795208811
243 278.7204299432474 187.40221918814302
244 93.52046148625506 227.28059932064082
245 435.3352113575616 63.245268572570474
246 4.507222897708814 339.10286202200274
247 51.453148575838874 449.2318315292702
248 93.368552269224 472.9573767774412
249 171.11234419701185 189.392295869266
250 243.54637066424303 187.90847529144784
251 213.6571342354472 108.71503648831622
252 126.8518832486207 365.9757559642073
253 233.27890583990006 7.889601047645337
254 276.08055153155266 363.52407999568334
255 118.43327785352443 215.47547091981176
256 448.6759047993879 227.63070312009683
257 14.96798376368928 314.12199298316847
258 373.7749433932611 441.65108802129714
259 206.14440021894117 382.57159808544117