0 437.5213469768863 34.978851288057214
1 216.4980950207336 18.91787891571709
2 186.79331771949194 489.82284828267467
3 329.9243120481032 464.38017208614
4 272.49060262665324 365.39382836535106
5 419.0149567205541 407.4631354760235
6 190.35095958774167 263.5006960522941
7 317.3867455252001 323.99505783588523
8 489.94798995038786 311.0872221366614
9 83.32438771245033 190.0114957987547
10 314.70282407969796 220.62144257425572
11 210.55337548984318 415.65741561604693
12 383.07756280938116 158.1393883529701
13 438.66566693419924 298.0214340321269
14 109.72199393449887 255.7049199028768
15 146.5853360561797 362.56482725548454
16 157.80298248985093 335.63849989805567
17 486.99748519467175 101.60211806899541
18 108.61017630103538 150.11440959687965
19 224.10602632038103 87.24001597394248
20 301.8021323427857 193.62979377761704
21 244.43461611142132 101.2880801543607
22 85.33390861769749 410.40798470530825
23 249.63985086409204 420.9172296544789
24 355.18997587387355 417.0146429224501
25 441.4671124351535 103.2609005871615
26 229.5356180782936 152.33722723683942
27 351.0464887914857 136.72920948244095
28 137.79556379295946 184.6067578580522
29 14.700383345110565 50.537596186727434
30 340.47036273921486 236.3251455744758
31 346.3137379996485 148.83932083957617
32 100.20876145216745 347.802466816278
33 363.10429366680637 286.8950935103986
34 282.7690916547676 446.5055063690301
35 390.32252076308396 193.9132460366775
36 96.02265070776288 481.57206952392795
37 417.00966672533343 159.55038517416216
38 62.079158777222894 171.65552855383774
39 36.44696668612753 490.57502107410033
40 5.947353073712838 330.7293513553044
41 260.34046243160645 3.8659172361534844
42 7.882827224503885 147.6039636443221
43 490.1031777677643 456.74162564376456
44 258.72099303934374 267.6862269544331
45 109.81985927238779 155.59968281442343
46 173.04465169443424 440.94659581789017
47 427.6097596059848 216.98100188050128
48 418.99363427209505 12.149678401541472
49 117.13856032709293 280.4696333554133
50 188.8884345683196 500.15125685985873
51 427.97348085801036 236.2876774816901
52 149.60997103436281 499.46778905615184
53 72.32365276622302 432.0518341989075
54 438.85460242263656 211.3842886868856
55 128.4633353533097 52.920887366750314
56 467.9665067514281 382.58215386634964
57 215.7961431191562 364.2819945196115
58 28.038642500486347 19.640559731829118
59 396.08622339884323 214.19937322817302
60 335.36911777443186 320.7935158022149
61 483.85568813593096 263.07982442030874
62 177.16164369685492 305.0090164271409
63 387.32767971583326 121.39773648195332
64 276.56657376753276 277.797778557047
65 146.58054274674802 174.86585298948708
66 251.77342110147922 329.1558947344205
67 34.77074883252944 146.13848290895976
68 302.886095667513 226.69932356192894
69 423.38124121108376 43.990059314384546
70 315.7392275932114 198.3574199148597
71 87.45639431211731 473.9247800719948
72 78.64638453355604 255.95874786259375
73 261.6960964167367 392.34211823568245
74 175.31075176139194 396.6643247889545
75 474.09877780291527 277.70792022318795
76 377.7741985027205 203.48199942977047
77 138.5669475676597 292.66247472338557
78 35.33214062352233 81.0298914997635
79 388.5184844725143 448.6344985882544
80 493.8001388660273 73.30799285730389
81 313.08333453942146 434.3240523928573
82 499.381914388087 465.48385076083025
83 114.90726597568212 210.36748264656342
84 419.65933054289314 109.60168575196761
85 122.93348808099975 167.60394815196196
86 271.9014930681106 207.6838995941637
87 226.7872692681995 112.62591726894547
88 205.9730275101731 28.9096278471865
89 33.55025068515576 82.71473559397894
90 65.61119099607836 397.42711554827895
91 431.77830375274624 477.8377511496773
92 53.73659330087001 42.88515351437389
93 257.5904180900959 262.11488963509936
94 300.7642982618012 298.9530769273249
95 459.53625318041827 31.050204646116484
96 313.59000284374247 416.94004679979616
97 408.7355975709649 0.8678542271652508
98 348.04028056267515 194.12091103018844
99 4.476009355170217 69.49237722865479
100 188.09633442257183 443.5298757898564
101 270.0529647343919 406.0692469807584
102 178.12757837650418 243.79212845623172
103 371.1421199178063 114.43454824912962
104 70.70417779460836 339.02993368219467
105 379.404190413455 389.61181584782065
106 396.297107868412 442.00143934736707
107 74.34052352407294 171.2386116712429
108 55.31978185734087 179.40886018504878
109 257.6408111267994 240.8076454316526
110 272.5169407092723 349.7474506832752
111 318.3946356155522 299.7443560302468
112 301.66461780947094 135.15698140627563
113 246.5742736391258 36.63708249658022
114 15.90920922606885 426.4853471809501
115 333.13896026264314 346.38604892915004
116 48.84417746249577 379.1762962775828
117 22.95902787078801 312.64398649462015
118 140.59976258724606 389.6536004922696
119 244.51368164811507 309.6836827283209
120 210.80383569115503 168.5893753725656
121 5.976872564529089 17.746838138028707
122 414.2616465726491 177.8166039500267
123 224.87339947229688 433.0037849319049
124 83.59745856773533 235.6738948633485
125 477.9609092933922 428.485143861726
126 3.902869174517918 200.25551271879712
127 324.37328640956565 243.73392223074035
128 362.6446794870088 223.38011253457796
129 377.34724576123955 276.4708595742643
130 57.69949098446602 186.0890484896647
131 500.046014801501 392.26574571407593
132 244.40245390472157 60.13813178001359
133 353.0929495568098 33.06407370606694
134 66.92471537914007 79.25650751503002
135 484.43266725977395 247.4308741831135
136 59.12682619463399 265.9120701306796
137 266.0482925287444 354.5427961340543
138 18.274744969405585 37.9448617684558
139 262.8810343552507 362.28434736371184
140 465.6506125655472 314.7081910060543
141 486.02177574428964 357.2861340515332
142 432.142187575241 229.29206884532493
143 49.874331162074746 11.380001942389876
144 386.3527730354624 315.9938800745835
145 426.526053586664 14.740578182018382
146 22.63788644067014 233.44865582808583
147 283.0039560649222 165.93242383540493
148 494.74529958475557 380.73470781929973
149 409.4431536352753 71.18872893149229
150 359.411819839504 0.3294202417766545
151 274.4492153487066 354.5099826574209
152 155.35336735632754 179.00648582401803
153 51.09720420229952 6.59023440340409
154 483.57391865703465 419.637518624352
155 297.07762578070606 26.153433826202814
156 389.81455736090874 319.3893008167696
157 13.472987782246651 223.01420641431937
158 126.26563746823709 186.99283436313527
159 484.52878962646565 128.06462039903826
160 17.37289382273663 291.60069154506647
161 61.56858827913957 219.43290509822504
162 243.68292239687497 303.24668255568827
163 69.89540578381641 234.25994298162578
164 299.19349342556256 364.07489652854326
165 20.120394276817386 177.8960291594783
166 228.60148966362186 114.31484433042772
167 111.86432562332337 213.83290957341845
168 475.17364798176584 424.4452519105296
169 328.18878967358444 483.3552119926194
170 301.7051439606367 487.11108916928237
171 457.4314150547711 21.720452353867305
172 274.1760668624534 399.13677570358584
173 17.3427827484939 337.6582884262298
174 176.2679049838093 283.41306941823444
175 352.5530306239956 338.11749871237373
176 52.86007458213733 500.52590193558626
177 84.4317668690744 260.48281659408923
178 244.99069738930154 474.74266714048247
179 213.3477255827753 394.9343603459475
180 365.53653840150076 176.37448684442478
181 315.1829513288363 369.2284084925907
182 140.04351061701212 306.5929275917063
183 191.71133341551214 474.9413568053015
184 387.7223997294015 272.4950991535574
185 285.1124128962094 483.13734999492414
186 163.61364573617774 105.58341684401495
187 312.4586602931032 161.49539035575728
188 252.32037888687663 18.854496344745392
189 359.4882804340616 206.1631945269212
190 189.5109445575171 398.3761788982084
191 70.35519149685531 74.99278028420578
192 458.59987259119134 113.5725863812601
193 142.33427566153551 274.35657601239535
194 280.6307488130602 162.4342828533086
195 9.652032084620158 428.44315190605613
196 156.40470704121756 258.52358642812936
197 466.71183499630445 65.788152990062
198 378.3253390711756 159.95505708543362
199 418.98734126510874 380.8086249468229
200 241.26345614469162 166.49671161735517
201 113.76921845328683 324.27782872587187
202 51.98469450645951 397.5598031697031
203 415.7675367436746 288.00306295761527
204 287.3282975861307 159.1231166029024
205 116.29567003006488 233.45008083528143
206 424.3772895973324 418.5724112457051
207 318.39167408242025 58.69583373992817
208 13.318052819362375 105.0265088064314
209 70.76919606290267 146.88475800552493
210 493.5518248621198 237.96850905235553
211 309.93207950264883 474.31451769054127
212 69.89111119336124 81.90398065975181
213 65.1359849234596 363.3829421697366
214 237.35043226764114 356.32747301415725
215 45.13463743977453 429.8912939974922
216 68.12432102603128 259.4946178563824
217 411.8099262906103 489.61736436891726
218 466.834465187314 416.369153836403
219 470.8521285616897 211.6473557448909
220 411.023282810026 130.6424122544905
221 17.630421340805615 49.687006248262946
222 41.17340234457436 198.90745462154345
223 237.27356789905377 10.459945746126772
224 86.24002658123945 348.9109431250742
225 359.76675918708236 124.34525224340018
226 199.79772552498287 267.3027072827871
227 244.56320382310608 29.606599325911763
228 238.42378858962695 35.45652336099928
229 117.80741141801526 416.9213177215677
230 341.8665580519362 195.7449516724849
231 435.77218351058013 153.43108508670878
232 418.8807759844672 78.11709143645236
233 206.52245661012276 296.2042621421761
234 269.35086035276 457.95010426151674
235 126.13629553768274 274.825484303092
236 86.46848161134872 24.923661447388422
237 1.0374530703529998 467.80938342386145
238 488.2829584118797 150.10106479611918
239 258.12305280183625 500.6731276767838
240 22.90052348603019 347.4916008243117
241 240.4070276732745 46.79627645327891
242 303.97313798125026 382.1157962940018
243 84.84134350884344 78.6467591738364
244 454.8877763432092 431.99852191878307
245 164.8264878513753 462.5582138113394
246 84.24412887037315 250.57439321152611
247 448.6770440701056 26.006507565292793
248 315.7914002840002 315.70599359839605
249 113.96965368101806 197.25239667673767
250 161.98429057363927 487.8871320836425
251 396.2677432599937 37.29227055546925
252 200.71380641023953 284.2320419559191
253 398.19133283742246 55.2905510781726
254 496.57017051495103 448.535702372663
255 48.179915486890074 413.0548868184438
256 171.2031532711984 85.03150069045218
257 405.5825719046282 209.65936146399366
258 328.9594141407017 270.469399061336
259 221.90189782874927 338.0208314728274
260 223.99714898621642 138.79111680969862
261 29.11707321914003 456.09046685431366
262 196.50451523676105 134.9884859245219
263 454.0158257823925 495.33470953139556
264 341.48215227211176 241.69669990839574
265 112.37699658624993 201.34923158875685
266 281.78851634647725 196.696746177612
267 198.66183385175268 92.77437617418042
268 172.7930374213885 394.7790228367381
269 240.59650145307023 348.16220630466574
270 217.03315139808555 371.35517934235133
271 88.65795587984978 45.08293225241459
272 22.729887382172482 4.795832935912509
273 345.0111630242311 346.5523978404146
274 79.88044710000942 296.71889462287436
275 270.88872889770386 133.81237534629474
276 441.9171255627912 343.35668538732165
277 188.75170375731744 339.6022972933211
278 437.5983834619327 407.6893126749907
279 467.82610336830345 135.32317344766224