0 425.7881183910659 138.98046767487074
1 81.62054935330995 468.73579493732467
2 2.1277392931619508 223.73803101532425
3 463.0465123592589 228.26507608979043
4 42.49304946690004 275.61262908766116
5 187.82269447292128 68.30149896645526
6 86.09768175434158 399.51297334032535
7 63.04900421627843 193.77499149291438
8 73.59033734688559 203.8568486857372
9 6.842606727150849 10.072722555148232
10 209.84032884975596 200.45999893988767
11 402.2763331052546 14.506288385050734
12 254.78883141249233 35.62126358836848
13 438.9726376014907 306.46122433720694
14 91.89805580872635 230.54346810201304
15 174.92260905665816 210.5665209666367
16 73.78213351798121 289.1647057678687
17 64.72975520079423 403.8592821037208
18 193.06175673062702 283.0650971259214
19 398.01432746159844 88.71386343093234
20 70.34853045894782 236.3612845848917
21 407.15627279784 224.25472772886405
22 76.53589844826571 405.4041875310597
23 271.9035997534991 482.0790046260412
24 118.24999583167369 307.6553477058683
25 332.6278044562076 102.37711655365723
26 240.39676278342097 151.33266234964444
27 83.1691082451064 31.95915006292557
28 186.23120691969396 102.28861313627418
29 399.28168666334864 215.26943454382743
30 457.2698051004251 156.1123787957125
31 458.6627226378865 200.2036288372622
32 182.6691508362733 209.63169250225005
33 11.42892013906121 226.42997983421313
34 306.4017901727112 274.831337405104
35 430.6902774983708 257.9606422267637
36 122.67429915386656 140.7018841673036
37 423.5633224168983 492.9188854324466
38 193.55363700095214 172.6860964314951
39 405.56471324310854 194.80471498840643
40 478.6939588439233 325.1994003255021
41 209.83077739037807 297.07386370324406
42 277.38957014111685 365.16728408298786
43 221.01991195344527 58.51433012607716
44 195.91872276700056 222.64394771803464
45 0.07211937914998945 212.72959088040645
46 357.2884905173669 328.35530461814636
47 138.2233895016384 393.0192596274475
48 500.04272832054585 252.44377758892165
49 342.8028178625528 310.08545780475555
50 395.75328645856615 444.78318687709793
51 214.37626116256737 50.28729217230081
52 205.17847951097525 342.9791730523815
53 227.74277273852212 56.61600435110333
54 471.84394940769783 146.5737571196291
55 140.138735511072 302.1696127519993
56 418.9771463581574 49.03246335844609
57 418.75949450477094 385.6687824061849
58 89.31016651732833 273.8079839618925
59 248.3693036855377 255.47461358987468
60 94.25486173625292 302.14655189303994
61 342.33797548745923 12.643931265984738
62 395.3491687273721 256.3316511544667
63 16.91608411850898 261.78953687912514
64 73.67618711813996 470.7439540805921
65 447.9405153160529 247.90022897809027
66 466.16476409741836 391.45740382865336
67 32.44843382383827 78.81951596177055
68 333.29509935403615 63.088529860662106
69 37.86975077847612 115.78207147084268
70 483.75318194749747 76.26904399818588
71 481.567260211963 208.26353118021652
72 306.0046214259176 2.4217613297554306
73 228.49820924636975 287.4117734535721
74 204.5915866574708 12.48533370946571
75 382.6821631865241 431.4968432922391
76 267.19564714360905 31.855681832250944
77 286.9777216576005 392.1419826091067
78 284.1549874629263 495.09008830897795
79 394.39383776117796 210.57941694819877
80 387.17595207821756 454.85454971977254
81 261.79181641056607 449.81251520980265
82 118.43739936502196 45.18586674663344
83 137.369855751591 236.35979633729198
84 192.14990710411504 9.387122969289408
85 405.7645309414461 257.20624417042643
86 16.90300762134623 275.7780152545031
87 129.95232023806537 21.694195595288445
88 298.8099801636633 336.08187050743356
89 39.38888551939175 206.34854550440426
90 115.54301549641575 459.4462630702065
91 25.985432966225694 90.04993386662329
92 396.8405239621837 70.96671887219884
93 130.58820593716595 123.54487820565518
94 86.96418529800006 462.1109139654677
95 499.60145718299265 401.0132277069319
96 103.88484935432406 295.6258156364036
97 465.27369267460267 358.3009773933375
98 322.6845769390733 271.3505298970895
99 214.95322432475933 306.4704669861559
100 424.7762202407379 116.8550388700134
101 444.3115314618823 458.5201648196486
102 378.06252764624907 3.978281186789548
103 486.13154387454665 446.48269209177676
104 165.08362415933397 351.14837945532116
105 142.76264046798127 412.6224096203826
106 114.5344255801309 394.83393046922606
107 297.75574319261233 105.1228502539547
108 311.2731223633509 348.5972204186106
109 396.50859913493144 45.479579951793106
110 81.08722766991198 386.99841204842727
111 52.975715300994615 204.79522404367125
112 457.0354282697669 170.03459903215193
113 305.6267605647251 296.3114922642765
114 307.14145733196005 91.8882165301088
115 476.8735633150519 198.80664346032012
116 37.58069350911985 416.5064049280773
117 188.12818579802317 211.93718019272134
118 311.2703374881918 478.9364341206074
119 262.5033725448558 293.20901277125944
120 224.95108700365364 151.40153652139148
121 106.92119659075506 147.025993546779
122 249.43107450953755 297.8176030033209
123 180.05717283031345 13.182640339320045
124 458.6521127101979 494.82315188796724
125 250.11435300110557 245.24312481972126
126 245.63387757822514 380.42328710545996
127 452.8955288143529 286.4800033847861
128 244.153299980328 52.03295054174147
129 51.02171584957417 434.43391614002235
130 83.22456858632547 44.04559312259418
131 373.4309215020529 309.69930527191184
132 444.05921590695345 26.05052147295732
133 73.48393533999811 278.2416075409228
134 57.20658729600036 1.475375674979671
135 239.10227295700997 127.40752818856964
136 416.00137015328755 416.73985439952617
137 292.36830585979095 157.80305491093614
138 406.27813116392804 256.97253083293407
139 302.9289081287541 440.38244705857556
140 1.5520101589768776 396.96496374031506
141 47.36114534298605 372.416925458179
142 375.5101860297155 129.3150335667234
143 75.38218994754011 302.49308732357724
144 465.7104332104562 49.64674839161862
145 63.415739998338694 384.32881319844455
146 89.8413401131492 153.3839961777797
147 437.56304329276645 3.9882529419092707
148 114.76266022793315 273.8030032209543
149 42.46916426044586 57.027987600650995
150 26.8150665980164 225.9917504116138
151 128.92388392691527 31.21253631922135
152 485.5652507984428 297.90374641958846
153 486.2912204988779 352.70019923587694
154 16.235214204972753 9.909868233377573
155 342.02295523503454 144.01949250940027
156 46.55402591981788 380.1237151713385
157 0.5788120760228203 77.73099053901518
158 320.6656635212726 220.30425461237095
159 220.04950300861628 232.40141552977607
160 71.0284966487205 366.32435428691497
161 497.65901295234016 420.40425281223196
162 461.94973544746153 36.034328080451964
163 246.10810839686707 230.10513410453015
164 374.5127389883939 432.84693002963746
165 275.41415116246765 92.19038426073892
166 101.17524607225235 31.523284299231655
167 77.50027705028485 496.2537088764619
168 308.24359906232024 446.4491721693481
169 165.2921357662091 81.2686371476914
170 392.760977239988 110.15650692664441
171 48.491817345770315 193.24310872161078
172 486.08683079803143 9.967259394657239
173 472.5152886067334 78.17819176302145
174 350.590289148572 81.41516207792493
175 159.3040646580364 332.4337967325217
176 346.43214348578 385.5352338373715
177 123.85110084979787 321.74254156027905
178 424.3677450262744 128.2019697495055
179 13.317376317057622 248.40646401250893
180 302.867824892912 93.44392486384172
181 44.55800019750493 193.66155918295067
182 58.62438837225297 39.06619969908827
183 283.72506246581054 435.8016738733661
184 328.68572692886477 157.9712700518136
185 386.36961220700016 45.415950914777014
186 180.04768092061082 213.2849784689266
187 404.1261961217495 259.01273296643734
188 472.5174325840074 26.766311342785258
189 391.6305829439158 341.37854766309806
190 141.06161863238117 57.00783933060446
191 328.79537433774766 212.25151834482747
192 410.65239486998684 385.61860124607864
193 284.9474202717824 343.2770018983341
194 315.8330077460729 34.92158317464276
195 305.617922291579 496.75661804681715
196 276.83874330434946 157.6953381447791
197 199.96758898055148 189.4023050639643
198 127.12957123354595 240.14257995848857
199 244.92869058723008 332.1634656726293
200 125.61764945110464 151.5779767779715
201 292.1500594963321 327.20785538796724
202 445.7057370459173 494.2933659699855
203 392.7427024344408 39.305912397652065
204 19.491958258221626 396.68062175120565
205 301.64069841785937 399.1934271534916
206 391.14180462545437 100.97070758003109
207 132.1160585488842 40.96876385189074
208 350.47989831616957 373.8820360026599
209 462.6157192855024 308.2186780411996
210 231.31238959378686 10.06210245648771
211 378.6253153792364 70.36081116179103
212 127.85463376960396 452.4533742416671
213 269.706533302699 301.6406762469807
214 158.9098244286897 255.61777319808314
215 131.20356159923983 499.32805902302977
216 107.12048220453227 464.61367112234086
217 254.36914002806546 44.91997573799391
218 379.6983142557653 184.23513555859284
219 409.8215391169457 308.57633295551324
220 225.52649778646733 492.29511578140665
221 25.311580662371664 287.5898743931114
222 56.424693540616225 98.16286714211512
223 379.75211192679535 375.42315151348186
224 473.6682701010869 47.95011637378883
225 481.34246330269997 328.73317808997507
226 292.56149695479644 56.58153261054453
227 146.4063208072402 338.848176247892
228 429.9787387569124 473.4821899678005
229 194.2540939861996 145.3612286651852
230 433.3081043480926 220.76773077619904
231 280.9792637329671 472.86186763485375
232 325.158706228185 476.6328046139355
233 132.60323409397844 140.3395598699846
234 132.52589333213518 240.0990518346426
235 286.3942005122849 84.4617904132256
236 115.84791245404787 400.4059961828792
237 461.50305899769364 108.75480113654434
238 220.53293917617842 311.1065152241295
239 342.2830356656995 109.69627493270356
240 186.08743952525123 385.3630547600772
241 332.7893123901965 148.86735378507123
242 41.93431123501705 154.03186221975344
243 271.99157432349205 171.6047174476481
244 406.3742390524148 254.86906959781066
245 182.1741602607159 357.0443213754325
246 79.91347201521052 292.59645960176687
247 320.8477536839594 28.05424462168982
248 417.35848709046763 60.62352662811368
249 163.25089946379433 279.3172524281842
250 271.6608318323232 127.939057860223
251 444.18115149160906 432.74223794458874
252 122.48463013537632 351.05690057985754
253 497.46281207623076 219.4592854681846
254 75.8649987600195 448.92926852489194
255 439.8320300680813 60.88416337082143
256 0.12692038630550373 348.4253722467421
257 125.3995631194008 115.72609410782175
258 466.4427133671279 110.31394809148922
259 379.13830320813037 306.3563175963379
260 470.0200611611624 361.6855345619603
261 190.03419021305115 340.6553154415588
262 135.9330788655885 282.40332700398346
263 414.63856129298915 323.31303706696684
264 175.0360331487544 358.48131881028144
265 470.76428803868845 386.56889306349217
266 361.23193058850467 242.2541495515787
267 169.97954566618952 381.54776836868047
268 178.60754694669063 271.82500836605794
269 58.37030553272758 41.67282760984376
270 43.592235376779065 364.5566295454704
271 46.76623375334934 167.11779618683687
272 161.34915897358763 227.30444064197124
273 159.25458481670574 271.8990983520195
274 135.06609230347016 39.68240924641262
275 395.3430043585564 328.00178485645387
276 380.67671643642217 3.8984774032530045
277 28.574130706804706 146.88391652821676
278 215.81427383998144 415.6005167779802
279 132.7439811622651 158.81000061270828
280 236.47589595150777 172.7326686933739
281 203.13060169857437 301.72720458514425
282 171.95903940107695 442.6182668684058
283 23.300915603851898 475.8166430538006
284 443.12075905905823 469.3572091896416
285 276.13070910436716 4.42760012924942
286 8.906007330459257 376.1542681292152
287 431.64689754352884 317.83365647083974
288 402.3928913945476 98.37920555322226
289 124.18028754218247 74.13758387248734
290 479.31086578953506 465.0004705153194
291 16.104161568239626 281.69581163275467
292 32.102089816980545 285.53129760091406
293 95.12537649580638 473.6333177930738
294 316.1166675509547 212.7803452527082
295 452.69424374156966 376.37643241362855
296 400.45926504128545 499.5086182685179
297 299.6035649467243 61.643617357435765
298 14.337567547109723 218.5601719385542
299 361.25884998081716 445.0032554984496