0 302.48180717781725 479.0135486815847
1 333.3799905154969 149.5042552331076
2 24.97384658530375 104.23552673307772
3 331.5922609542404 146.75496427955557
4 450.61150089368886 397.5688893044863
5 225.00923580621424 8.485722993399579
6 202.74124782707565 78.72701464841161
7 224.83646197207034 466.5185553471793
8 366.87072390073484 140.38796088209628
9 37.22197100636322 209.86337872802804
10 355.04710255406576 252.01654317506106
11 274.89925957170004 256.6006980903903
12 316.04683227448294 441.88033125495525
13 171.91453270782978 194.5712494561101
14 162.27154471685685 293.2428399016543
15 313.300636317206 89.67068038063992
16 119.03141179374288 208.7607830703933
17 116.67390194903984 181.0443491818312
18 132.58917070587347 338.3125724154587
19 297.2511229270066 381.6306092657352
20 68.93696985854653 104.84186014066157
21 351.7101724137314 495.31051978207404
22 357.78312365854464 351.3123018358289
23 369.6512797667721 469.38787122083266
24 98.63661367101804 468.53895216118104
25 74.15461118114446 428.24519690608724
26 175.19511865048878 19.486714953370694
27 33.07601027599511 175.80021580339226
28 35.465346486033795 234.60777369987795
29 370.2739609111392 316.82110452074363
30 131.17494819224495 404.927674536001
31 118.91913591320404 106.25056806283054
32 397.07096610799096 149.88355025478
33 46.401970160799834 150.4349358596803
34 251.64239714993982 184.3683903340399
35 336.1244106193484 52.5585798707208
36 301.65298467431325 171.04144254238523
37 11.638640208175719 152.64298334972105
38 273.6252371573446 475.72761242137926
39 339.1784155825606 15.185879945382394
40 213.07789358143245 95.64795854465999
41 166.6183131911309 396.88787605687764
42 101.88629309430674 311.2979814315253
43 356.2913144685558 463.94223057197485
44 332.6088977073471 78.0225522632423
45 432.89707127324897 147.04828644132596
46 383.0029568124809 12.723381334446682
47 48.94123464833257 85.64938281859966
48 103.23855103597938 311.6792744236713
49 147.76041860238757 243.8937910928403
50 208.51252515565474 289.15964954473606
51 411.20791490801486 414.4698718441919
52 409.8625335524004 287.3677300693332
53 194.50197333295105 460.7768181581585
54 105.98640524165626 35.26328470626958
55 115.5716054042097 312.8576747446372
56 163.78275142050668 164.98304031460665
57 339.47392871124515 410.143772813238
58 65.14678428484862 439.9025256075761
59 382.10281928957244 470.3377821631102
60 127.2782354748919 409.8643282214972
61 404.460126209949 182.6973220175087
62 6.388758400569152 95.73554982258612
63 8.218895642766906 136.5717367570004
64 406.2319117890123 478.2511610446439
65 0.1724063925478314 32.29191123937803
66 204.3213720936241 494.05011700534095
67 397.4328872744722 494.4161038943826
68 208.05170068768467 467.91758452395425
69 188.92117381228132 47.894535450242145
70 306.1907681729434 332.5093419767367
71 470.77092341340887 145.93106578380974
72 70.37408142261103 256.2532374608627
73 48.76083789371201 378.1927586887017
74 219.29879901050376 274.69802331588846
75 46.783452594550646 373.54588417867285
76 378.2885378188186 292.31103668057654
77 274.66093545553764 194.68207541431315
78 254.78033994677412 346.6141342066291
79 341.32645976237984 388.8386281606553
80 133.07100344700487 318.59108112416044
81 25.503757330608707 217.3145818233861
82 44.35251018389724 336.4999348463976
83 383.5381860918039 481.6368561524124
84 60.66481494819928 439.58017185430236
85 404.9592138196994 225.04103914793714
86 380.89929206250025 162.65733183173515
87 293.6873596865495 45.39651801807293
88 245.3971539543171 61.31655565846213
89 33.5377950296605 132.82833817045844
90 235.00454129711875 305.1418953020113
91 449.8184843213561 125.06601649533171
92 134.66960941146735 371.49942714465834
93 358.37221525560847 315.98441338094483
94 362.79699478109285 17.480192850268725
95 224.37019065504535 218.89244372409232
96 368.61082955136726 122.91267383314563
97 396.5288400859363 494.8725450867612
98 496.72024987221675 177.8048621810298
99 97.19229786479092 232.87705529587734
100 1.9296900169770081 159.18242526842369
101 311.8993771403152 125.34728827157701
102 282.0911985895516 229.0520255328403
103 54.63736989695385 74.83700878718741
104 345.45730946357213 183.13798397335276
105 284.9737312842049 359.4937985406123
106 219.56011832987446 326.1155536984344
107 335.6526270510385 21.280432933768374
108 227.1160666512831 451.29553129647695
109 298.04487477139065 251.50280514664328
110 0.835742026317892 394.1026669453291
111 190.04788137716622 105.55173869399954
112 162.30400634143356 161.23427929285236
113 70.64639052990593 48.76314701090682
114 267.28851309041346 452.0855411775891
115 459.36542006021654 407.9543764697755
116 483.93279174544625 455.88460726637527
117 8.273535310118376 485.5039313635666
118 419.2954115166868 168.99322373726827
119 385.02747167636636 245.8079171384267
120 150.60766176072585 53.997514434488075
121 144.6886040907877 147.5683018399575
122 259.4395303618331 252.53867276316228
123 215.68710110761756 398.6465678455286
124 70.68753954406473 198.3151849023783
125 195.36134914335025 116.15097644127404
126 351.92777031391614 381.3251461178202
127 268.95840316271864 104.01617565096672
128 376.2135677526778 167.21202253673428
129 457.8452687449078 173.58144141191633
130 113.83984276184228 38.52674260222765
131 253.95156073450516 223.5766396083215
132 243.94445216608813 291.8257615563886
133 414.14050774195107 37.484920382009435
134 294.07200507166425 213.78748197696572
135 281.2887607225147 56.46690008490897
136 468.9868106314099 487.9481037484352
137 31.344181222556244 176.90306081842292
138 88.08859529951911 57.233446553693945
139 102.52669405875693 452.13945203172614
140 103.75884558865741 473.19453665278115
141 365.13892695567995 396.2065131239192
142 303.84489083175885 229.742576176509
143 260.16126352414847 449.12139050277966
144 143.27557817877465 450.2227500290528
145 195.9203597438767 8.88132576405349
146 71.49432458740812 269.8666356242862
147 437.6405429764689 342.40915536475853
148 308.99404804405475 160.01927881963036
149 81.61437145947843 41.52116378811496
150 265.7436467301048 469.049860400516
151 444.0615706171956 159.45379312674478
152 158.7064965919333 346.5237637935438
153 286.48489391944673 17.607457028033384
154 381.9689050167988 335.03883353641055
155 375.4768370137728 184.94403347685406
156 344.2202103219063 278.1105737999734
157 212.48304970523222 31.909548798137248
158 281.4559773072594 377.62808817556873
159 126.98621101252925 279.8438752750488
160 464.8119113406287 126.69708749756306
161 70.93834914300207 414.5866863550851
162 310.3785256289256 48.136052022570865
163 58.04016799154105 376.39211770043147
164 109.69520369160384 96.49834489362411
165 146.6427801630116 427.3241292416036
166 436.3770269335914 320.2557276397879
167 229.6299553391685 147.02047531114658
168 288.98933216586545 343.6974822744047
169 145.62863215778341 64.08516824772323
170 173.8517462077201 487.17483292425993
171 266.29066039156737 479.39760446571114
172 72.92746733353486 342.55159740390576
173 241.1906579297137 136.31132738040412
174 192.3334153223632 418.10971736137293
175 17.092782120235572 497.0558627682081
176 418.29283691924945 486.7024175122708
177 46.953530562735715 456.65252291153865
178 114.54445715529467 103.6476999996285
179 313.04820088081823 22.308013271194618
180 232.3209881834214 322.7114953387888
181 388.03529262718257 68.55951535181829
182 162.01432053606757 468.54245456072806
183 237.60630802209127 469.4107510898714
184 410.55647530313666 463.0892870868319
185 341.60758657913976 87.32031270548376
186 403.3620678986145 36.85672555340306
187 478.166103813305 287.1821783083265
188 147.40222281998555 321.3377367717651
189 179.4034944093593 324.3728795171504
190 2.609553494907626 195.59713145114137
191 407.77986498095123 233.53021308088464
192 3.349810623003334 469.7759037234506
193 428.9736746190238 29.97609748677584
194 493.1385020276374 365.2355067755814
195 218.47447026869935 322.5989729563348
196 286.12911443831547 9.168112147492014
197 421.7416507066177 188.57087303683372
198 194.154657582086 81.76124425919639
199 13.86592932045424 470.49024897399863
200 462.26534945839876 5.424237894398301
201 322.1590325617153 417.41355037399035
202 77.77242096464197 70.15934648815784
203 418.99292334471454 457.76686793125447
204 430.78208172848434 125.89148816036297
205 236.51143163142208 177.31367100624243
206 438.0831266644258 25.458472760182303
207 372.5452798670109 463.19527960319255
208 107.03814667352849 282.00748710410693
209 145.17581766061033 101.55804042254618
210 403.8203663472507 461.74377641128984
211 416.91296979689463 41.43418497771987
212 402.9371177708344 172.3339148539932
213 18.380178655689136 376.3532063524913
214 437.4855212966122 82.77882207901735
215 387.731560314476 55.626284727668555
216 297.9973132773839 266.2404121058593
217 101.76620574386446 245.36826825289967
218 73.0469219091514 293.13131469942266
219 68.84982751795104 177.10024393879482
220 352.0208235091038 378.75818069007784
221 481.3057712591064 331.2101784300159
222 303.5757332026926 36.94702302394403
223 481.89536901859435 220.63982166928915
224 89.34967722705629 128.37292138621487
225 164.37205237271039 72.91349550431956
226 115.43201803896646 348.7665286694458
227 97.86387189902422 182.02722776501747
228 356.94756617118315 183.77648337268343
229 47.01602007403857 238.7766423771401
230 337.864207665051 50.02923201314729
231 423.4079919361866 482.8177637556007
232 340.79535454607964 324.8469599082833
233 234.7490599662875 58.126670466254375
234 46.13515878555785 222.15933926428858
235 469.75150323760306 44.55277666088277
236 92.33860212964167 488.37651877998445
237 345.3826051907257 183.8445786369065
238 440.5382470013059 142.37802686155277
239 318.40453608091826 460.86786681792813
240 2.9754733859575317 72.3167207775503
241 24.72543969476278 277.733266982989
242 186.91667955925354 58.636705363366595
243 55.10564795833216 112.20350920402986
244 312.8232649860281 416.5607528407692
245 37.18952602810632 176.0600656353392
246 397.54929434512655 253.31561257476653
247 7.666653865436719 269.075055495055
248 358.25181586820077 473.53207158077106
249 410.60516145926346 190.8559299501121
250 482.51615124396216 499.5824378462399
251 332.6457107424048 265.1091531541591
252 393.9221479568698 356.0990592600184
253 255.79610383041341 235.80335796915162
254 294.90728358401026 131.55541258897696
255 125.02481726972623 28.303574919383873
256 433.3185606111771 20.58525885452499
257 499.7157135710634 95.79493113553588
258 70.48768809201924 76.66545322697623
259 358.3171082114708 328.2176107001353
260 196.0124186727813 6.894547654735007
261 375.1945255913228 278.49470212955873
262 308.6820442557955 307.8618774834789
263 57.78010077553209 240.04986220868216
264 367.1460475542149 261.0209840019547
265 178.60042065565526 5.484319610100127
266 359.99232737510454 326.55619436913486
267 284.66032817494727 469.8107005861563
268 489.8749715041541 204.46274260788311
269 386.96185848357567 47.825923356862404
270 121.21164568894554 392.44856715693413
271 73.64548426507551 268.0461862890452
272 459.75657627718505 334.3096752188673
273 377.35520406674 200.12397208850996
274 347.0475069204161 339.63138625471134
275 153.94948831154636 333.8207002974365
276 190.32385414411002 252.02404271835908
277 116.6066803709697 350.4178172204772
278 218.0179006183131 458.6145624584805
279 349.70667961680095 187.9151269711531
280 160.3321668934817 168.18404128223898
281 298.6099901108833 200.48732294889444
282 448.7334352313533 31.16704841948326
283 227.60045774161338 162.4477517619998
284 167.4175167870717 29.709403655882245
285 38.81016589486181 331.40328993328393
286 305.92876325178463 252.11910548968652
287 159.90256685119542 243.37482235774456
288 251.1544813516708 60.3389631922349
289 378.65457571305336 420.4049344388441
290 76.85664907923814 361.5198200458717
291 96.34850789560889 151.57789540590653
292 358.752216116889 117.3793460048077
293 435.0617737120758 59.43631832238689
294 112.90788681240596 484.79453203394587
295 477.52504199141435 163.4949136602316
296 461.87666251764756 402.99462288374195
297 209.20904484156202 235.92380628392422
298 223.57047861050853 254.79651932575894
299 328.69546654954814 293.5020423794077
300 453.3373986656988 181.55624683671354
301 146.18938184183978 154.62665106871762
302 315.09113525524134 450.8975745008711
303 223.23848193946046 94.50341512164755
304 279.62725901064374 297.8229324640082
305 187.33870956322315 236.64253294814833
306 287.4526252701326 486.51204534274854
307 395.1264459494744 456.43564232586925
308 389.5531419310784 385.9699112790192
309 180.28405402605563 212.9003594649691
310 334.5300976845969 232.69876289560136
311 437.11872558391383 390.6442514868091
312 199.44617233648916 321.73722291624057
313 130.01360932339685 392.7221331075918
314 412.53970696434897 261.73548436245477
315 132.59605917192602 450.3390952190973
316 416.6895897948959 64.21639795045085
317 402.51923926763425 285.2860547875587
318 272.14277344494883 230.81029335437196
319 92.21155247550766 13.585608596585532
320 158.5526151199044 175.04524826027202
321 113.81249006335992 400.0727939653015
322 71.81888617770078 261.2245885041611
323 490.7842105734374 329.5390901733684
324 469.5684830278624 418.03013932350257
325 78.36456505475489 151.62702984173973
326 212.37109567163702 273.75206935981583
327 333.11072999262666 303.8790709770901
328 414.94513642693903 480.4654118517791
329 283.27137888997044 450.2162803138637