0 393.2969745058612 262.8464219066616
1 134.09395327635985 207.12954880694605
2 183.07303574964152 220.76292223169602
3 420.65023577886166 9.856845348534137
4 28.746899564763304 446.7779108646335
5 385.87015825923964 243.29403427893945
6 180.7394760552437 253.84648781209864
7 418.569444665136 116.268213944265
8 385.49630723481823 250.1759700511718
9 499.8040978484457 82.43915895515855
10 304.38230210504975 304.89650232654026
11 129.8758152112207 38.130680617967265
12 415.9941317297166 256.10239679843875
13 89.48133351689494 262.7237541809257
14 251.94155264371065 497.65356860277603
15 233.52412100935507 3.3158897920228405
16 139.9351271479348 376.17039069872624
17 104.22120650496021 492.8479569510388
18 48.70976396689616 404.85526556311623
19 85.65837117462715 32.053143413258816
20 237.91261589341153 97.13097975527849
21 164.87361595159408 223.39221481481917
22 126.588470147161 347.598350298385
23 112.88194252249873 271.6051812029486
24 178.30689739819877 105.48465519953417
25 14.793779927608474 279.63150535993265
26 86.29310168390629 253.5797149513705
27 94.32469513531167 342.4290829109964
28 218.14756074889374 438.637705077152
29 187.54589701196193 234.6572218374376
30 42.86987425733188 303.3605483851684
31 19.6832474509335 453.27937552859777
32 218.93812585659543 456.37287295022674
33 124.13629197159791 354.88834222293025
34 63.13758177380542 204.04828885685828
35 315.65987218682153 153.9604377455227
36 367.6810290749994 39.653760895982366
37 113.82708636613529 41.30416530290269
38 342.91800109751205 67.04091845591887
39 362.4759540699897 238.6850867710476
40 0.5915234832675164 46.0326442094992
41 30.830869388469573 345.9805856915655
42 388.1677890611422 480.72810714026275
43 359.38575064172176 412.24647339934995
44 371.23858066036377 176.18104606868505
45 489.43748815014436 232.76192634264936
46 98.3754261081044 496.2936936727019
47 200.3662440651398 486.4603458772148
48 296.10113647029874 46.31278809467838
49 141.37344392077347 424.1503116596595
50 264.8364119074791 386.0141419366558
51 168.40885879914006 474.5846255505623
52 288.77800284764976 368.51895091893385
53 499.44482316058975 244.74470801858348
54 121.66986042544296 126.69737408087224
55 366.08879947213563 86.6734033732773
56 358.33958280205064 264.2842479239485
57 237.76455220741073 50.81164093571162
58 233.69007680120842 217.15660777375143
59 434.3378846031235 258.0722965221097
60 319.55995325917496 388.7044665005902
61 122.11466929442246 417.81951039382267
62 92.49600595208851 40.863729662972446
63 234.5965446504737 450.51233019223974
64 65.0172177942318 125.17434187757439
65 270.2445259405212 405.01871886014226
66 458.3922285742528 132.17662702026598
67 290.7707517864741 119.5092651535718
68 380.30075733209344 281.5655514607193
69 124.1555255365733 347.39947005273183
70 70.00444298941542 300.7851627094075
71 411.66991195389244 342.0254129619027
72 499.8134488434114 299.16427312508245
73 118.67334476400104 221.60941192856572
74 15.70298532357394 223.2701893280887
75 49.851087199315685 220.601042309331
76 248.9071628278677 152.88781249330728
77 147.85833898757664 288.6629856826951
78 128.19750937234076 217.92025406707398
79 70.04571695094168 340.4123176240488
80 214.3399716897828 212.5499479440304
81 76.054916750975 320.5247699467241
82 445.91609868342096 44.20040880100377
83 214.59435927795727 129.96287713662483
84 23.29310730714145 476.19441253063763
85 150.63064050807995 355.8985363991018
86 369.0322569592356 206.5177209631379
87 205.56540803294953 149.36604004855025
88 447.4361409594088 210.76603837377118
89 300.7059395025987 43.80432463915996
90 287.25284400949477 347.1780602262597
91 23.483459956859775 415.42464923615324
92 143.77859935401924 162.6392775944048
93 437.42509114497483 271.77539064881347
94 60.73040708946026 460.67852884483966
95 37.843059950732744 25.96564737513898
96 13.296269685198197 106.7733229988787
97 489.5693008080423 379.7571313931044
98 383.71306070674325 265.73033091239085
99 286.83386813511856 465.136419048047
100 227.57056050737515 159.51365829767772
101 35.562689432786684 418.04003025329075
102 159.79533860319086 212.65632520866694
103 332.9526745493684 66.61978395365284
104 148.92905564188158 377.30936185334883
105 23.17196287454172 497.80860266321366
106 176.88314486551872 214.05797850307582
107 244.42831630990338 302.9748940123178
108 472.82572868319534 302.8658481624466
109 175.45045666602164 430.13839037538304
110 449.2361644146514 327.89621408259876
111 371.6351881043011 105.56093068453563
112 32.448951590683556 245.50241959253495
113 335.72747570441146 469.52311437344804
114 262.2010875246197 232.38064467339427
115 217.9210014370049 135.75059027207863
116 371.79559695876804 195.7342864499466
117 101.69360387521002 95.2638370222236
118 60.49872866541064 469.31173305000874
119 336.52489783773717 476.390548405521
120 256.69963247606586 415.34860333815084
121 241.88286205989948 406.3024039797991
122 438.1785548284777 40.770507612784634
123 288.5112989583388 387.7157832380558
124 494.5533391930895 354.4938700649374
125 495.10231861805954 299.33096047178725
126 126.60373722397469 99.30015599567679
127 350.8955353125202 380.17487016182605
128 480.7094811869846 187.55246528997935
129 1.6101987643387985 272.25975646112335
130 12.080021276709367 49.97424716551713
131 260.38703598752045 468.87326567809765
132 78.80282326748923 366.8156201108327
133 227.093018543343 265.375158493926
134 299.9918610238172 62.99602825538645
135 427.4256843514769 122.59157752252855
136 26.479066753474488 229.2306408390857
137 345.74265171144094 121.76994464341432
138 111.55885528203241 72.72322184467794
139 158.43732738625062 34.58588720249283
140 195.2696634208439 323.7395425878214
141 223.98415758055887 351.87796084025024
142 407.5759354202962 494.26308721148496
143 74.48398767839657 456.627185504308
144 168.6007008316007 225.97899624062723
145 219.65500564287873 10.194994779591193
146 236.7505474063285 495.03199583107727
147 7.734866482027237 481.98684901591355
148 214.1741959644121 265.3608362763575
149 162.68659595358926 140.51817339041355
150 479.5000801276363 304.9243257062477
151 315.43361596418237 283.3252891449248
152 351.20999408921955 183.80287897750407
153 8.588819340090486 329.2856616698345
154 325.3228610431425 145.98503305277828
155 147.28780853859573 420.6907875306498
156 348.2866359354109 395.6293843494233
157 272.28842576886876 79.84880089465267
158 404.1059674331697 10.730455832169415
159 355.4564584053003 476.0854888221364
160 105.76946848366157 120.41081795975172
161 475.12200839503913 312.758766364847
162 63.98311084736518 134.51189055918485
163 324.5611387296518 398.305658039359
164 2.064179526658281 312.76246625697024
165 476.03439028947645 422.3996923214688
166 461.6060259226065 128.5665677984315
167 168.39676980992488 51.013192153315735
168 407.1841918366689 400.3713040183292
169 164.28307579163686 473.55029566803495
170 205.94237854231594 376.65039980418794
171 326.2676179343196 97.24539978362515
172 193.37010081791388 10.770805597506008
173 130.19981104211217 210.70607678378929
174 481.9637700861181 405.3971369159236
175 236.1243899067486 464.8201543643591
176 209.74940857740032 459.6330500965767
177 43.809732738716214 205.24417758356935
178 132.8368639394909 85.79841441320706
179 391.92823543232737 277.34334882366073
180 278.2749809203294 397.5978830547499
181 113.35908621355019 69.76274741545365
182 382.48109529737707 129.44926298585136
183 193.91738183407833 254.7757683261078
184 437.4302674375093 177.9084138563675
185 99.0522121065577 317.1770499933025
186 428.6061658702287 472.45359811766224
187 157.70219462806838 195.76642483833675
188 251.43990156066997 73.37255545950728
189 1.548629690641161 38.404180619070765
190 331.59258669118384 275.13420554852445
191 139.36439216123117 311.20921997324905
192 147.97355277977053 141.42012827584946
193 157.02094225303605 232.71859329733897
194 194.82864607167008 384.9417119840051
195 388.9864131398411 273.7302150359905
196 355.58169642382813 142.2748876582401
197 98.8244261826825 205.11026593679105
198 288.3669277927213 217.2072261905494
199 346.28634796991753 494.0623411323576
200 151.35137850010773 44.511299178625016
201 180.0789134533236 121.227759232198
202 380.01384989782446 171.6329866030716
203 237.284600710864 240.51466028948107
204 254.5202117279992 274.5152979723378
205 56.71407178022715 390.73795636148657
206 170.21529318346947 286.6656819193122
207 135.17780081310653 368.99326800856295
208 305.03706473473324 490.6187555474115
209 279.7784420466211 198.18478761708323
210 347.3518681407771 488.146918919176
211 291.84583655450785 19.280668243949368
212 24.307587230739873 296.92708817016546
213 345.06340073433415 130.67865618403616
214 398.3067886603754 398.8853808029744
215 158.66779437092245 305.5309389255108
216 255.61288755490645 427.10959957980435
217 200.34256746259095 449.99895503714566
218 456.4198825901934 308.04525853627075
219 153.57262747003884 98.18743316557094
220 206.9396435189518 47.67205559987733
221 311.777575275812 208.9413351784925
222 65.1909127590925 14.495300659986134
223 336.5002072779425 181.78027081076047
224 370.2099517429509 484.4810274082205
225 25.29091415415457 31.992111454853635
226 388.34552578977355 399.513358939994
227 300.6986594951045 134.31055584982315
228 175.1491852130038 250.5595420933799
229 95.95670939653141 483.6614997710626
230 490.12705083951107 184.49048789381288
231 203.5336943023438 455.1782346583295
232 102.28008586552495 446.4235361989896
233 353.71010428969225 97.05803834413695
234 478.92749918682176 494.5297032658196
235 480.735836226206 48.86094492556271
236 68.78145524766869 150.4787367371412
237 131.92610498036632 266.5359278743787
238 384.6210278627669 415.083296980734
239 418.2610877654885 338.8005500128212
240 54.19971858399769 119.24731232984396
241 192.66871747190646 285.49755742522973
242 298.21308013358407 421.0238248450212
243 390.1911002616931 357.20454808054455
244 40.25153492912675 176.44416905325087
245 498.6609547068687 3.6831263269110237
246 413.66863400668774 121.79289968863608
247 171.34838984787575 347.7193754819624
248 472.20588177882337 344.17193129173825
249 331.27677881964286 148.52941612939628
250 238.0326707827294 438.52245455511155
251 387.5525935711182 481.1827079076346
252 65.58379055203902 363.7546501498532
253 365.1055378568629 500.429693841825
254 369.20625376560787 414.2730826905057
255 263.6932997903489 447.9115734778326
256 432.16409785975776 394.9793506512951
257 422.88974928348364 244.97696845724667
258 345.9914597990515 25.783883776534
259 486.04549647036896 304.23354177498896
260 70.5333852403948 296.7653072305674
261 286.88705459685434 441.5223020442345
262 228.2684529576572 450.37832237439886
263 80.5032050684807 70.21789633168633
264 471.66848347585454 27.530184875652868
265 45.95705925526266 155.6306176359718
266 163.41801398308817 380.92076318731745
267 381.6572428505681 209.81386419662792
268 121.2898074865025 321.77303621135314
269 89.92388597602209 473.265596948864
270 336.3526692164179 132.96810325521935
271 234.89275972058616 239.85288848162037
272 401.9737224803398 419.64322095956715
273 487.0152190661697 178.78609149757634
274 318.76996031451665 363.5110425091669
275 265.9324065472701 354.6220585721591
276 429.2623827934553 272.5151820750371
277 106.42849986750798 70.08580811188783
278 465.49086039005664 381.94958823779103
279 109.50097144180292 55.96559058612617
280 65.25913584755871 243.83828310425037
281 482.32536826203307 444.4584199321783
282 114.99673228613693 157.1972490402543
283 169.03706101468856 429.12161087460294
284 418.4479214634479 467.78151042009284
285 1.8047228984348107 462.0201662409512
286 1.5282489593419353 230.05851008529407
287 65.62788329728116 296.751004503377
288 281.7248298782893 149.44233819846508
289 196.65547642200752 202.771782389714
290 379.3592349515511 378.27407138004327
291 87.5926533651028 155.8655628454408
292 111.88026736926936 221.63946647093596
293 452.9397255135567 346.63210313418676
294 12.109069156027232 10.878392342549976
295 53.39063728825222 372.61239005832806
296 229.0197696510479 373.5588533000924
297 162.70696782347795 42.02502759478327
298 303.20664145276703 387.7641400966613
299 145.77941143714938 275.12158234487464
300 79.66199780261007 128.77265809313835
301 413.3904103550487 166.8522003535587
302 431.86932797982087 368.59798399918833
303 384.39925945039585 400.8742554862153
304 21.501975554652766 248.4005059021803
305 441.68589313362406 272.9331081027908
306 45.21018291631458 65.48224049949557
307 38.2093772115195 260.2979233473823
308 199.0780541674717 359.43274571786407
309 235.96438686273711 175.24496502009245
310 130.33663610505667 346.0070609350714
311 408.4518118741223 135.54624685320263
312 222.83070479063278 356.48511633754094
313 255.51873398068858 238.54414974181825
314 330.55400263995165 286.58757304470055