0 456.2124137058863 169.2159741541974
1 71.48356384092429 86.60041726639884
2 252.09117635380122 408.8447195312565
3 118.54777181886267 201.2127404332321
4 132.21759728698433 51.75850875028367
5 10.233812731109406 134.7714030736068
6 387.9082327277388 208.35995949191053
7 335.6400652324132 451.76669191490726
8 224.85126262891237 298.16261958716825
9 373.3640136226565 484.5914016585943
10 204.42615911697942 28.214176897687423
11 163.14778080004334 96.29326278218166
12 191.87886323544964 39.39714317568975
13 52.304031270643065 163.0127707243286
14 82.10580971093793 100.22210498980911
15 355.62719914323856 385.8956321818202
16 280.3049699964857 331.24107772513355
17 495.8281135949675 467.73493190214407
18 285.1631618127222 277.8773924563248
19 123.26914946603152 94.71997288937175
20 243.56659447772324 290.29407678830785
21 220.9228744957055 119.44739048807348
22 475.04479647937137 36.90357549695084
23 103.02840866739466 284.78436203102746
24 266.28819809599037 153.2601271614367
25 40.878326074750376 324.26487988372634
26 172.11586634710574 421.3691678369818
27 399.53267600933464 241.44692484957417
28 106.21193593353722 82.89907937961216
29 272.02752609376023 84.06170809689719
30 245.7983948401217 328.3866611446484
31 69.82198499042845 49.84572653349283
32 103.16620055474966 202.29041732660934
33 363.81084882823217 293.66243778182877
34 127.64839485926935 190.6648419676168
35 42.21918451097707 357.89195101651285
36 315.1858540707975 450.30396142899224
37 500.09052353528546 219.0958539938629
38 96.11011027627492 189.43390036002896
39 61.88250402189021 16.64881084459582
40 179.14753109862366 479.4218882205746
41 335.89125832518744 136.36915330313823
42 70.93548385753368 295.513046133273
43 420.8407040975475 430.1779845767791
44 216.53294919814587 443.306674894122
45 178.99274669658155 488.4696406560054
46 7.507390105812382 42.53992499757977
47 317.5618383229737 21.185671206471085
48 416.1839565789794 139.75954946162662
49 31.04978120692897 67.55070712096142
50 92.5546582563277 69.63161398422925
51 347.35623618505775 420.0502857668204
52 71.16224246232939 111.96376025351184
53 44.16586485664466 363.50925172732434
54 69.99735299346288 80.9965145446494
55 217.16461714318532 18.06387440852939
56 465.0772121921675 420.1575402646271
57 62.09598120184504 299.41157062708913
58 156.91048370148366 19.26682193218668
59 438.5319940946477 249.96925445002915
60 405.495105523718 436.1309568969407
61 48.50438764500155 268.4747162803285
62 122.84450903151188 352.5710124432811
63 344.8182577464912 497.1248270424558
64 278.292901243517 132.1914068918251
65 323.95313397856717 444.5603685582825
66 244.99080386537705 5.615918874338703
67 434.9461710312473 212.8792508536492
68 362.0700529544033 455.4922120264434
69 157.54720422553802 6.38823912820756
70 461.93054877712586 109.29794402051955
71 137.2375120358302 443.98786842249865
72 308.98142374088127 2.8687655496388875
73 398.4119427918673 32.926062212348704
74 185.95504856495273 325.6128967196949
75 248.1382924163109 53.15301013126409
76 310.60475943474523 366.5769275599951
77 426.4286368455078 427.6632042833295
78 357.1961228586336 180.8839816040862
79 387.8835919325863 109.02013836927243
80 83.70589275758452 81.5781006377608
81 367.90395699714946 392.72487486624783
82 430.054496987669 430.57758757069803
83 477.40308165254606 476.21193070643193
84 453.0149620689444 316.26544877063475
85 108.09910206824266 75.03404939732805
86 141.6647204002496 105.22616350490048
87 336.0177428650908 318.23225345174205
88 409.3770721594381 483.77600070259666
89 284.7944209434505 129.9780527147523
90 5.384716257072607 42.22802410353926
91 141.72879079500535 323.3221430789452
92 181.8904232584642 152.28290291051175
93 51.31521918170701 81.28688800233323
94 108.54847082641852 286.54335566822493
95 112.14941094304788 79.59974316175756
96 446.8954364798291 210.912589466883
97 49.6946764254017 489.0803456146924
98 425.9698655205107 411.55608181087644
99 394.3801790328445 183.06631803356606
100 446.92799519344976 381.18126463940786
101 121.89948149786389 35.290883286084814
102 474.93611913942 413.62109410484607
103 273.3789478267708 250.31027215032455
104 423.00015510761546 309.0952303230395
105 450.29412242688875 303.91933081523644
106 270.6791380490646 460.06638444325074
107 442.6259262155175 164.99129263879504
108 361.82163291976923 75.3097266452922
109 414.7694868101112 96.83045925396921
110 157.56287978370315 400.66959533606143
111 182.13479730011503 489.43662986190714
112 210.82518369212994 93.99055281588919
113 100.21166869981815 329.0454564937559
114 222.47521816925575 77.8785286403147
115 452.11060460385596 101.93146551004266
116 326.10946423116286 496.2733567932051
117 495.2366486212302 91.7382634249395
118 122.16243412155464 93.29513268773947
119 488.8052270037037 267.5355435578756
120 41.66230225743635 219.46473019266878
121 51.366746634582476 167.3929282777267
122 281.4947268973386 308.19254189883196
123 163.3712125787755 427.5079650699436
124 389.4779350502032 156.3800156732849
125 427.0744889258496 346.8288922595412
126 33.90091847772295 495.0846403220388
127 449.7646613195586 175.67224380702237
128 91.43131279206648 315.4620565459613
129 298.36983636207714 69.05132303769608
130 424.46074959470116 167.6176895924151
131 484.9981919200491 472.30362440048265
132 121.02289965213691 105.57559053905092
133 330.85640429794006 6.133442776638645
134 483.39293634766796 252.3036308598284
135 351.2944250373516 277.3707563139607
136 194.35712382415525 463.621804885846
137 449.4325436819345 336.5880158043589
138 451.9273597913346 372.864478000627
139 297.94104437011595 441.2136842993726
140 233.96783863591045 155.36746724838287
141 226.06303592926946 92.93481197128426
142 16.799620898621043 172.20739299913987
143 271.8981031030245 262.990132851635
144 435.3540019375388 248.133347477562
145 305.29717829134535 90.42137128410916
146 275.8562175649283 196.2999989243378
147 244.45837204410336 308.4723551866162
148 204.3390068071134 318.23629619831223
149 407.45908311096156 45.103785093878834
150 246.50871416878823 494.4654280695023
151 443.51143806222046 154.0262666875604
152 366.6167252042134 141.32958697031572
153 95.68589677106237 153.74476342966267
154 397.025111829662 225.86657482719025
155 225.21254698681147 389.85509974983887
156 150.09772373906935 198.0360709173276
157 101.23975799342465 499.2359090578837
158 254.8966816284008 184.19924870260908
159 456.10668681096587 304.8396023212844
160 104.9188811613131 464.51861992967514
161 122.76934687198953 287.50126255789365
162 317.76864436995936 257.86357385724057
163 374.00890162717315 335.5566923195052
164 207.2296091768081 88.88244839311943
165 162.44664646197435 49.08913977786096
166 80.67285836987257 0.13334178404982044
167 61.191582230499826 451.30868354195627
168 53.118118962819615 178.55375595399886
169 62.154869093472556 43.909255039486744
170 150.55088018038305 88.09265977337877
171 249.67939160456032 301.2451333615781
172 158.29084913695857 25.02936712687509
173 44.15321029082634 256.82228210154636
174 11.305638125285702 69.359568176191
175 321.7027839912817 60.909304643330316
176 498.3684639554921 263.64174679800647
177 175.89423688958473 483.0387156048391
178 161.87002010278417 445.86618935547983
179 2.6107944235292955 38.791243648799686
180 64.91159348756734 38.23397411234915
181 310.9197476711557 129.53421113773288
182 441.0306565855747 235.2146893947139
183 348.7938745172913 234.71961194110412
184 335.5396760153103 415.88933375297466
185 179.01083471940393 489.93834503244216
186 4.995151751819331 313.37897006451624
187 259.41756711745546 165.1741284803776
188 150.7562349142031 370.1097599557037
189 426.0179054317454 351.6038563162598
190 39.9410698054121 422.7712564014833
191 397.01788144691693 397.8508905679888
192 176.34361058428306 333.088057292447
193 18.046531500403407 467.8134351083309
194 397.0349779448307 399.9433070305551
195 475.2590381726007 349.0623514422198
196 185.44084922791293 386.9680402475313
197 78.92477654689095 489.330989240257
198 500.6597895823822 270.4417821261901
199 45.40436018509859 48.80418958888875
200 74.66760107132563 329.23739244005174
201 307.12795457842475 130.75455417512308
202 476.83865328202177 496.58721618819044
203 12.301273392032625 176.57095581913026
204 122.90761411072764 455.64770479950334
205 295.5864149582223 440.377759339532
206 77.0937989908937 282.1961715875804
207 231.9309282972422 307.2526622557397
208 134.6149410047643 25.306101609941987
209 167.05230979112858 165.5169823485702
210 112.22852357617799 480.5160984459414
211 190.82344772605768 441.69421047851654
212 240.75622496242082 16.833223547418957
213 72.95098047667287 366.5110855745846
214 213.77051447616154 241.89244320894036
215 373.8894570456514 500.7497669789021
216 243.75231289409294 376.7318833074175
217 232.8928185469993 497.85094492725375
218 393.06505555298247 209.9375277447125
219 48.46870440546192 101.914158613167
220 29.032431028969725 122.36098750821564
221 311.2713980496287 362.1456839595374
222 466.2561011897373 150.2207077331674
223 343.6466326474312 60.86318343821294
224 184.06431684335695 270.15937268084036
225 58.62358901560128 423.88264026268376
226 55.64367686635858 62.74943296088401
227 86.13954243771083 171.48498800680366
228 86.97347904648888 166.01385414500857
229 264.67749779858946 109.18810791081069
230 500.15588714348183 427.7605055214326
231 35.29922693328181 468.23453715221984
232 371.11495333927036 464.9163110205418
233 189.26402967857055 356.04600609868777
234 112.92368693669908 365.59149074972794
235 223.03784071559218 273.8930921764779
236 264.21073689071983 80.30403525157205
237 287.517736611345 271.6812900360423
238 401.1968351218301 131.6512969346856
239 279.7237601242088 483.0648989109283
240 465.9162580493328 99.7281044364323
241 133.04288362890276 424.0653251640939
242 408.0892274137577 464.7598749060447
243 227.34926864466405 127.99299036515043
244 308.9291948800662 233.74422657225975
245 104.97042290110983 369.75011914519706
246 47.8919342409369 450.3763484261588
247 348.52075356141626 442.5261225286579
248 118.00380867438022 43.17057387904847
249 500.0816932487502 189.4885468382584
250 365.94221148020074 194.48517187223482
251 368.0723259176648 206.31902053141374
252 267.4841396187035 281.1070799413665
253 373.42453038565424 397.34758589125585
254 302.2867388518958 200.15985383701405
255 313.35351639826894 344.59781561625846
256 86.21940620758141 312.3610196844846
257 39.097810980696906 225.27145553536891
258 184.62739490012027 486.0737199529277
259 33.49188825543582 313.07276427620883
260 384.97475028612473 223.17287983052043
261 266.12991798213073 422.30191137472343
262 257.2878569527651 106.47734688624317
263 495.18142519417484 485.83028305210706
264 480.7007252991305 327.3876267723965
265 347.62704951103296 299.9125551615922
266 213.1893237879082 362.41210721156324
267 77.79725538161678 340.28631195602037
268 256.2747778809794 419.4655101571435
269 352.61722830767854 423.16428170512376
270 310.07354115177753 89.17937126015691
271 257.88779719439094 394.53308854150066
272 384.57796732130436 247.97705745470105
273 470.2656540820532 428.63882268744345
274 268.46151370787317 87.3350034877492
275 128.3447870841525 446.6612597330655
276 484.0202588935749 303.47681213798734
277 0.3872146921676761 112.35748340601505
278 290.0862216738752 322.72845682709146
279 404.8022565117495 317.8895067545307
280 107.87761691788866 135.90035503541984
281 172.43203366406362 32.14211060366387
282 143.78745323584567 199.35628547524365
283 122.06501164864538 408.5835318809987
284 80.05423727785384 58.87905323217505
285 70.36966467642301 499.12523436277377
286 407.1071867113176 310.049368382666
287 410.6175894775622 2.4966682071717816
288 312.1331564610779 199.61717686537193
289 116.14788891123044 463.3664931471369
290 57.073779127672324 187.26345112782244
291 309.51428505111124 397.8139275621278
292 381.8285283175149 497.2258169912447
293 134.6517669535507 428.78237828648855
294 259.91316002472547 228.492645589295
295 258.2012198076353 28.83160965181407
296 260.2028615962986 367.6582262057854
297 190.3388526162378 130.84623901386843
298 286.6754327248149 64.07522260902671
299 478.0710419702882 430.35455258399963
300 203.2625057225742 385.6410786535172
301 486.9761419850805 372.76576725514235
302 164.01504081916156 289.4114079807695
303 116.8011878684264 439.1429500216752
304 451.7946144183606 443.24607327061125
305 254.15479570613152 4.094690514596283
306 245.61287598461226 79.86257294846754
307 147.7764631806775 239.99088604171698
308 5.55896794747799 492.99665685257474
309 178.5082563363565 192.9860525637945
310 38.97857073257276 365.85145116109373
311 116.14658551771285 416.2684569536922
312 376.19776040812286 88.6541228193836
313 36.80952628926456 212.54382147583584
314 250.62125888572018 326.93290391460187
315 491.3197496961009 328.0097394051059
316 308.4769306883933 76.07783613910048
317 347.3735006867435 148.98008899723362
318 113.82708844445258 138.85463793031676
319 466.9426294240739 265.87837324396435
320 149.7219307421152 392.80397839426485
321 448.44005719216403 12.53466425614669
322 224.5317285785136 487.8776028011745
323 212.66795513814364 431.59299980124996
324 103.56157325686806 84.23738801327387
325 66.46369635197296 388.36429967000277
326 194.02629351716467 12.875491018838806
327 174.26019742636612 441.64450696848627
328 276.34299048297333 258.6010426934175
329 39.48548304647192 370.8584528352437
330 91.48470484162941 477.9828176194676
331 163.84026061451505 170.3870641738673
332 28.831133529113337 307.03774037408186
333 491.0131833610045 173.08866921985876
334 245.5510754610405 44.81123752383007
335 105.31992125171308 368.83509646739543
336 283.05597453927555 385.50838020988954
337 386.08525415972696 397.3485827599571
338 111.47517783576431 228.5035440148808
339 417.3268302187398 117.7481098964269
340 34.420852254911594 234.38156787563122
341 21.444471423699078 97.99161544830469
342 41.534322170211595 143.14492057545186
343 141.1708094628244 322.8354912528822
344 488.43503752396657 67.85889812712567
345 110.99711219459185 402.0233394214093
346 402.73006921487615 364.3009679167267
347 64.65224341843886 40.163205571742836
348 306.6839853898543 372.6305754932672
349 270.9833156778906 37.1556087622643