0 481.3129010382273 199.0080803793933
1 0.6724170070880238 169.12567428765638
2 109.59283325526206 72.71206998915513
3 291.89154702077246 163.74428069092576
4 86.66298557724514 251.8428572416006
5 73.26902527266047 12.673015570948364
6 165.29131108312694 44.70959350835095
7 420.7712415069948 239.1817244940556
8 437.70799265539125 439.5771602478038
9 171.72065188538554 399.0200907314927
10 492.5907407791522 290.85564384501504
11 8.747000495564105 432.7991714815739
12 413.6246003751565 20.40882335375755
13 347.79335241369125 279.4937198971085
14 412.1996467966001 51.40266995812542
15 467.2778834631222 69.18420339740616
16 51.86175125357544 438.04943280246846
17 343.1424571043521 109.79505923675046
18 73.5896024364645 362.1939312016782
19 322.05479917077656 51.37948118073046
20 249.8352570774932 414.9352698846552
21 98.4737359790226 52.45157083611787
22 50.536292183911875 315.3811932816329
23 426.6355201783052 459.9727818845847
24 105.98410799490492 19.191024298455744
25 78.77413469655829 487.86254911025947
26 56.516195714135534 431.7799146672867
27 343.04955617168014 117.3217143291368
28 403.48913285950545 242.92822015170827
29 179.7255067540517 420.83280117183796
30 335.8849409212209 246.06899707951908
31 248.11151791076992 279.4324318859028
32 322.2048911418928 285.7105374119176
33 113.66455296690847 15.738908734009176
34 394.01294965752965 377.2921008899014
35 304.4309186461298 214.26211058447265
36 140.6055068811596 373.2678849941918
37 290.70217356917914 91.72268763028457
38 375.80414358163523 444.3675579929627
39 81.35694402773653 105.46449227432178
40 269.79533618853804 30.791426955966333
41 331.8656715716658 51.556283728554156
42 6.27371827462806 343.5639464422012
43 235.34636505176988 292.8482274386021
44 112.88507799282782 392.39145158346844
45 492.37691193501496 352.07356238178875
46 152.11039094695664 5.14830342102012
47 267.49286004369503 14.067395780048638
48 368.28428299586926 215.55018405473365
49 376.42992372094767 218.31223392533855
50 164.3992381451092 386.6640818993263
51 329.2060807316065 440.3138309264089
52 496.71091158793973 444.6516228339143
53 472.08100125320635 466.76117452808177
54 319.93077887394116 68.54577155585727
55 142.2787321408279 391.03070576309136
56 230.96879490733153 228.92026531901558
57 136.11478025314764 386.35773205224103
58 266.77197534778804 480.0273378426069
59 248.82984085587083 291.9169935422163
60 104.79379537088468 491.35096340565553
61 312.99940843815415 296.12920373903694
62 36.02519125847984 343.55146322801033
63 410.8627762672764 5.742302335915374
64 110.31933048994705 208.46179315269106
65 359.2942529531278 481.6233612280384
66 286.950589403611 131.13654665999064
67 124.4258895319502 338.7415449406872
68 227.96223173735714 244.95199630800232
69 13.123260390496867 363.5221985291535
70 80.87800483044217 377.40859832790574
71 326.61445804496236 114.6090575156222
72 184.77947163399085 153.5970906465072
73 138.5774229672206 374.08382698075496
74 123.58390598471833 364.2550641520552
75 488.90191586639156 372.36175224175406
76 431.5968689318799 28.963083698249914
77 8.159470346965723 124.30665921821507
78 2.059304580957418 310.3075043135552
79 445.53887499688136 315.5906000023749
80 442.46016695103145 89.77194280974801
81 33.63411003000785 96.96074272974727
82 110.84440212231648 303.7102087788741
83 399.0080112640092 326.8703307235836
84 84.20958374873352 309.00017026340277
85 443.89729787489694 197.88051566976344
86 50.35566581324901 363.8819092945103
87 184.77330104943294 432.3464794015648
88 410.2284942030776 31.042714785714704
89 60.72741747827491 146.16371486071074
90 434.8812599044733 131.2273385921683
91 4.811686351655404 261.7696915850535
92 357.6669507516917 145.5241465566669
93 450.5320552776338 296.17082436856487
94 143.17046175687116 316.0059717187356
95 455.66568054355827 161.49654698541494
96 481.69098282298074 492.5891142847902
97 314.4534180767417 106.46968633345911
98 207.79294013820407 146.81476368801057
99 303.00490646650525 237.22651263078149
100 436.55834064071774 329.75415703716493
101 174.44572524814095 113.11975575914641
102 113.69367808164367 214.39205039514417
103 98.93518746965215 240.4946612435069
104 84.5714554659435 296.6528856561334
105 464.1878724060855 363.9405574861803
106 457.6192349156993 191.6995128437877
107 324.5431494415949 332.1895161637397
108 211.20853205065634 431.25659525375494
109 306.94466520965346 419.6588606471791
110 494.3412679059529 74.48934549772194
111 400.4148387280265 376.6156622311172
112 452.9833699284298 439.4022228317741
113 379.7398715637703 141.07911763083675
114 262.85293719610684 184.8137117112624
115 23.116519283282354 53.87063698975771
116 185.83484798014234 27.709909353400644
117 362.45436474869274 105.6716567238584
118 76.96408089408682 315.18322764694284
119 402.87603823447705 199.55561098262237
120 231.0967547529986 241.22191234133118
121 132.71266173680243 121.22323891407929
122 309.9709668950098 19.33194210708287
123 96.95287468048127 395.0893826986465
124 355.3488056525042 359.34516938846275
125 465.67118521837176 441.44441949831366
126 19.326250727636463 176.79542304180976
127 298.4353019645914 482.1452977227143
128 190.6996078731305 58.92933704328453
129 125.07138562181146 393.6783436418964
130 96.48509905849569 71.75924272131935
131 497.45296114744366 272.9804944714304
132 305.3023283342938 145.56245987950535
133 385.171189761476 276.10535307686905
134 219.35315666593175 383.88489413466635
135 126.04290637767811 370.67711219394624
136 279.15389640945955 289.41624725427874
137 92.41788626934888 483.0881637317042
138 52.01214854492138 69.06992668284902
139 380.1576774460245 124.56494200835364
140 284.47847058581107 343.2230043150963
141 71.97591071094355 459.5519205574429
142 231.64893306632493 283.3496360804906
143 36.55356100432061 394.3450782653453
144 270.2460195059981 422.2162507508275
145 238.47256961966548 210.5437885591352
146 310.86374186030514 71.39718238692205
147 249.54721872830495 384.684107000768
148 494.6266756073271 61.11707011423216
149 450.57526713397465 203.3665915982072
150 467.7834559422453 229.32911647058586
151 371.87921344704137 482.2982805192824
152 260.43184245583996 395.4981821512763
153 242.26326227337128 133.9309900013044
154 394.6555977597877 313.7734986450575
155 35.17239875158816 106.79734551668591
156 350.84256841374815 414.1077548353918
157 203.90742721902225 160.22077946331277
158 423.84891480851036 447.40754872045477
159 305.7237665623642 252.80746258488998
160 258.97626105619213 497.9851463772747
161 396.52113541905493 315.01579854736514
162 55.43632781338414 157.42180590778418
163 363.6178562792359 486.14276132665964
164 468.09226617401436 34.450358745689975
165 325.7957237551492 448.26704593323933
166 197.78589142633547 135.61797298266887
167 306.3999355214688 322.04503984618304
168 124.48727752903088 67.29944149550724
169 117.78361653030493 168.76840886391503
170 26.835805461658676 409.09739701682133
171 262.7974778812856 8.76126855754545
172 109.381254240866 25.787765549848558
173 158.34261150552925 384.01969726021866
174 35.978949180782124 58.74711099006725
175 155.22800958676203 373.9782316383555
176 98.34465146397692 245.2332078973061
177 90.70437468517117 146.42534389317285
178 428.73302517376345 240.98072827070274
179 66.08166759350027 13.883992199783183
180 366.0677718798636 73.32140201378586
181 194.78065527686942 174.2235136096109
182 163.62181147820414 369.4409463036521
183 286.0167910944493 253.87563021522504
184 181.52299513745925 18.444852341778294
185 281.0703085859924 492.78988868215174
186 81.94353009540043 484.6208805721322
187 247.75677325234443 379.1828683567796
188 294.8206890339569 489.6581534896523
189 375.28053748653105 308.21089940828136
190 147.3519985177603 419.61115314562966
191 183.12645408398686 327.92697132515246
192 108.30951104343387 324.0812879225951
193 80.02557833973685 334.27082007201255
194 490.4263223336651 22.429848630410866
195 448.3164492741741 108.38461220973464
196 289.72201223501685 426.83291059385516
197 138.21610389105334 404.2472119718206
198 44.65504561744308 311.6422730335947
199 100.61346815130825 357.4761549210661
200 167.41617380039094 438.8259265018505
201 329.00266980063566 354.1594210493758
202 212.51035666277713 56.22764702071227
203 443.08514624842553 65.74785586264446
204 415.01379943061653 20.007004597194943
205 477.3864362778586 265.36442145298406
206 83.53826949995454 431.8996802760054
207 340.95756139663865 144.36763171955857
208 114.98645721865408 428.8724796021013
209 461.8604877423663 287.64476856137014
210 412.64053179765625 471.3381547126481
211 298.6735892333906 91.90371362660089
212 461.98974128518347 200.34234862280792
213 239.6949857148042 389.18303118927446
214 124.97399668539093 219.03835499265614
215 347.87073366512044 193.9060174976443
216 437.9966923810124 392.32452669643874
217 32.72948159252803 4.067305992638232
218 301.14325015742145 69.73572419730979
219 468.76625595280115 270.5594649258956
220 477.5311364654385 427.55144515977474
221 440.78565810809835 178.22231444078008
222 160.61236970570107 425.6123479451778
223 368.6882715546185 140.92899111828956
224 206.55173945370967 251.5208396983695
225 371.06377013474133 418.91067417511573
226 247.51143786932693 421.74264853130865
227 75.74088848789005 83.565664643421
228 10.787496072796715 103.62305459164561
229 316.13604990384505 113.19877419974699
230 92.26370501173393 105.48514247831713
231 425.8417539924816 199.49349494842048
232 282.5754771478104 345.78652710810104
233 101.40038089333807 478.0318867836223
234 292.7091705900296 59.777318324474486
235 141.62015417989676 213.8464457426932
236 336.5016615077622 411.22378976448454
237 388.1075838395795 123.81294925233443
238 45.65031671983515 100.54073066768893
239 354.91420888911904 375.6751816782955
240 111.39555365255076 69.10993435863597
241 309.32541383085817 484.6296970748898
242 322.99580436018454 306.65322917907037
243 495.85515339100556 232.69312241598158
244 386.4794021716514 314.2753790353124
245 274.4528023049148 419.5244433121036
246 466.9279368439218 251.1954895270441
247 157.77717824023472 198.98120832624582
248 370.72282830587653 314.2453563527891
249 65.14733465910062 496.4513314088472
250 151.76961522510885 443.9287313310391
251 129.4410839412101 437.92111242225076
252 166.70360872060812 498.2077284468794
253 5.779575683142497 20.815278009244924
254 248.47660883258845 100.21080874941998
255 420.3098820475029 224.87621692092665
256 204.5253434943091 454.74149873453194
257 90.77720739394431 55.73742904430636
258 260.9309737507002 5.807562553429458
259 243.86491664420913 77.39005543446433
260 387.5929810879112 470.38782408891626
261 92.47246083646239 255.4414764170204
262 148.4611999881369 334.30657076617814
263 39.20040267012893 47.921662368936055
264 314.29671106717353 135.3957214893324
265 291.3160639892053 3.4053561823873055
266 446.26514775313245 433.0902203131172
267 225.38507820959356 224.38733269700006
268 60.90525980020259 93.22436639637932
269 90.57096710668525 444.17302269231624
270 231.66132000130125 204.07530021962557
271 25.328878409069926 90.02843898217111
272 134.21917828978968 109.63409846815797
273 419.84917588685505 114.97067402597062
274 124.34443089031653 325.675982811034
275 322.1431676405099 32.37473043405515
276 329.7849968548961 289.44817744483873
277 426.10494259763715 54.52199999503888
278 99.07088076434194 190.69723294285888
279 107.23273245310402 400.32270488091666
280 362.7210859145806 370.3172069821023
281 117.94750743916502 323.70702587978064
282 50.45004877677307 75.11587379243545
283 252.60773225598732 146.59852696460783
284 253.45581016765487 164.06842230315942
285 213.38694262785424 57.959037332284964
286 152.76715188561562 149.95604688771027
287 409.1540081088228 224.12509464245218
288 78.92899832566154 333.4717407861558
289 85.37603391980427 270.54417826649563
290 187.01338349478948 95.71632103356897
291 7.8500249503688675 497.06273103385087
292 328.05726716683 312.5046257797706
293 335.76171099949755 234.11810638743552
294 138.54927831095318 198.05542297413572
295 438.168597548318 94.5430924979829
296 217.51422580134633 323.44789046101
297 120.50925633782677 437.20445868704365
298 486.0768561812799 419.69354956488985
299 92.15185840481494 238.3656990582907
300 467.1261549067042 40.394376313038315
301 15.312546386295583 187.48948542987068
302 226.8464952145197 80.73639480089419
303 139.89760670271968 184.17680870605201
304 125.43398898820818 101.00250239111439
305 293.95361070253824 103.07740712077934
306 327.2743071824918 403.878870138685
307 450.4454256049475 86.89997077665458
308 207.22246144799692 268.57692230648934
309 148.02482633059708 319.101110537017
310 373.3956780832933 282.1954984157422
311 267.3007331211359 177.43794633620453
312 477.0670576133562 195.80801260624824
313 495.87700690191747 392.3326599292474
314 368.8308999057447 301.4746725713191
315 337.0851949141215 291.9154240906092
316 387.1997138952469 349.7525078665103
317 127.90655820360519 498.688116293461
318 214.18856020909902 114.30361389565726
319 309.0516306658086 412.98210403979624
320 273.2439044950769 281.88716668482834
321 110.5453142902891 136.77127146428046
322 48.082544635459264 440.36120981314235
323 378.4518162457269 1.9456781732142336
324 38.61996797760233 69.31748153719009
325 434.5658488793056 194.850771267877
326 246.18841975293273 50.625696572356865
327 239.99536929297116 37.75429909298138
328 198.67145323939937 357.47355931362074
329 72.56597688955092 335.9151784939015
330 0.014905770074199798 262.4541914097657
331 65.88807939467334 281.0978456291146
332 260.81326626871504 66.87515190311932
333 212.74552081928408 313.70055817413026
334 35.31634463105946 38.74121499881021
335 332.1878816699214 439.147878685218
336 63.252326304062166 470.7978703234082
337 40.338567834171265 430.8349604884085
338 125.32186183391674 480.6131154326258
339 448.4668610714604 3.7054433366861996
340 301.08166582974246 427.922535637041
341 114.31472899153762 483.4946189482679
342 215.20697443888315 53.36544123363672
343 279.0174526194243 177.77656935965211
344 96.79858969714088 244.299950242988