0 9.068779153015367 27.670189729528452
1 483.2915088194283 224.50445921996217
2 382.19547610365987 50.20134687795045
3 113.03704522047005 312.23045603656414
4 354.74917667137294 12.63769382601962
5 45.390688767558686 69.1948881749362
6 345.2125828458278 303.332443361275
7 298.5829513895095 347.1245876900833
8 111.0301503477209 379.9087498076546
9 221.12125528450872 263.1840366362451
10 478.21371970176807 314.55708994587565
11 86.3089030003023 461.70032918187167
12 75.12934870848822 52.523032022302075
13 499.04836293070156 238.19892301218485
14 289.8600006275548 258.9671311901332
15 362.4075515030724 104.05180615904632
16 499.4338303594212 429.90707411553313
17 187.40179729652036 89.77084209579547
18 470.50993392792094 296.13678811007156
19 159.32377423236446 144.86685253426666
20 450.82121097595933 376.85797129570386
21 214.74018981102228 268.2390208644131
22 54.788294319656444 409.25667365778827
23 310.9658498469252 66.25916589553555
24 6.239033709575089 271.4107687247907
25 158.42504333429432 266.0723085391962
26 124.09482014839445 395.7237678389689
27 418.81439450839326 285.14705358408474
28 198.21792324099226 83.54641368852249
29 225.3929521130428 342.7787474837448
30 7.353382775921427 73.76915266865711
31 419.04241718238904 188.0734863067179
32 258.2445036445431 128.9474198230699
33 499.96418504640883 433.92217909749695
34 119.55256817531081 395.9558017526186
35 130.00960048558514 114.61193165445594
36 348.1697560095459 241.25822183583995
37 419.67610916012165 35.01582460154347
38 151.87820203605042 273.62828815006594
39 304.74429610827946 120.75231485251008
40 59.078613078661 245.5572383517042
41 62.37948412457044 471.3119762088409
42 490.4889935791369 73.64647760789016
43 321.27633750331245 1.9119934476660267
44 116.29656763311027 231.99770717525
45 444.08617563698357 67.75771991275869
46 337.23559422163305 328.9852985193575
47 293.9340506213621 170.46595514669136
48 325.4590881519774 255.8243964534229
49 152.30624758121814 413.6358067222372
50 158.87427241984724 362.03248025859716
51 483.9687109603547 101.94092767658265
52 446.8196595356227 217.2229536771383
53 293.86313382772596 458.66061970667795
54 184.57575092426953 141.66650428621494
55 31.119764252430276 207.2678898358313
56 289.2221341709458 298.70929835824217
57 302.424696544822 392.5484096699563
58 323.78008302696696 303.4465514278722
59 158.98403292701212 87.73759421996596
60 450.41329698156926 459.01583151862104
61 342.23889054752556 311.3316087052647
62 488.69824468050456 397.4967158503512
63 98.3021920787537 282.55342281720993
64 245.6212588185994 112.6814908210126
65 117.81196373555082 341.9365176306267
66 431.01139745665137 62.916302731615026
67 149.52589758677007 215.1263763272972
68 12.575712480969154 251.80290600189053
69 56.517737707893914 3.794135496639577
70 331.5684432328255 437.79841669278716
71 379.27875679540335 199.5065669249173
72 76.3954977476791 371.65341094589036
73 435.37606657893326 222.50344582999048
74 0.13273972149873658 233.1887662380451
75 103.57434896410966 463.59570550333854
76 306.0196179604271 222.1270812091102
77 160.48886504111522 12.816827020300064
78 178.4786686525888 62.56673076249531
79 429.9048031796917 291.03530026458185
80 311.1071955990919 500.21491540661833
81 38.87192687958904 13.467062021695938
82 46.38901157710167 186.6807684163992
83 231.5629804306058 7.914897183838114
84 453.5822966223316 230.9699746611177
85 477.6708764582335 131.6054915962217
86 185.35368699063943 4.820140463741641
87 100.81168914900924 148.69503815435007
88 466.2493909713292 232.668647053731
89 203.99943332228872 222.87089451996866
90 340.0208074777765 233.8550192252887
91 395.7631638245804 276.98934572801085
92 111.15516624271287 143.12513869490388
93 218.88839589363002 333.3584784711788
94 480.70080841118664 324.62701123523874
95 162.08203069502966 62.10042145612273
96 423.6226000400991 156.3660186769704
97 290.08352813663913 161.00867327069105
98 268.4742896235486 323.52206191761087
99 328.8752327454883 327.45388089252845
100 205.13292215724536 207.12203524134492
101 463.68064692122374 24.185248305392076
102 165.7045866107155 480.30791152288685
103 174.38191032450234 409.32532797852485
104 88.48130864566328 487.84416853329736
105 159.83630672717032 239.4620464017699
106 45.00560443468951 44.56794545060112
107 230.3267730654127 313.50449108776803
108 70.88219647880224 294.2008423907469
109 68.04208452985277 444.888300176396
110 292.96591968666604 325.31367215499085
111 370.05012739418737 250.79128985591274
112 82.94981077201463 336.2635852884867
113 158.7011638634923 29.25159543324025
114 9.179776997209414 179.60767549214032
115 487.77785268433064 277.4682977013504
116 260.7297746067081 250.8379098418994
117 278.9950454631696 452.1083543161231
118 52.38579508403896 277.2792560420288
119 279.64456872749355 387.14402948237034
120 218.2076883044249 209.6465404837182
121 407.2790125597087 344.60118274177427
122 273.7642365216832 49.064529876356175
123 273.3333808989324 22.611791687191868
124 249.97024584724403 112.3221431902034
125 270.4944656496808 458.3327420555735
126 442.6934957156221 408.7534120717866
127 366.44541955725276 109.61838649077909
128 3.9448312813580544 499.416317328942
129 158.33643753167323 83.81553049559098
130 467.5167376527326 415.17503320777195
131 274.9624070152111 318.68742573859134
132 309.39333077356025 427.88212668509016
133 384.16458633537366 252.26722320878147
134 148.11933817791783 213.10409453615407
135 406.4156291288682 418.39153499295765
136 443.58591278770973 201.7371649009405
137 474.8959586709119 101.77108705088008
138 325.3679426537682 172.41978844926692
139 294.6245261781619 179.71834927912255
140 279.8306128349128 442.86395832754323
141 299.3677347719687 469.0709285440681
142 403.7120214503268 298.0996592878048
143 375.11823156056295 432.42438283138574
144 351.7844566007851 134.15513825394524
145 459.90832614765117 336.5201994734442
146 374.4984666317244 100.88010950273808
147 480.6032617726586 484.5216334162325
148 8.22188698145471 400.45995781558275
149 399.1050786767957 445.9546998326634
150 61.80038077684099 245.66588515239215
151 84.09077951984852 267.29135067777906
152 470.68640427049314 377.03960421109673
153 314.00678368635755 460.508528728965
154 461.8104268619364 406.0203539984567
155 432.546517714032 162.46949686849229
156 192.70098719316783 197.4880644334081
157 69.24944778281422 228.64266696684115
158 148.09981922033097 403.318697415811
159 322.1768347251016 110.49839286710238
160 104.46328241776054 206.32562560297717
161 449.84341572875684 298.9058157913779
162 381.2936193936092 311.3960944045341
163 437.7140371717534 224.98912637229898
164 380.2011787659776 155.72215258139286
165 195.61023367700176 466.1970733457889
166 121.96311453741438 342.7727688253479
167 241.31438462631675 253.789293561689
168 49.614727623009784 267.0570485143953
169 420.50753742418135 265.5498157650532
170 346.7861251006114 455.78810879279155
171 78.93190132089072 362.3005129931927
172 379.08002203652705 151.27296259492084
173 89.33020741925147 444.7064727096611
174 119.27588879495474 248.22580026945252
175 255.28141296222987 328.94027184013436
176 47.54081310086343 224.2303933234264
177 417.5260565251706 63.00362771797667
178 57.62951315093307 329.26201582221296
179 476.75404945763535 379.89271121054446
180 327.26387551895004 358.5199417385929
181 113.11444531156442 21.337092121068558
182 410.49652796196006 474.81867897139597
183 180.89842635854524 1.5428023924419025
184 27.88360605172282 157.43959059285697
185 77.94593036877264 406.2262597180718
186 114.71856350725056 16.653863757473342
187 396.3308839354916 212.23839012968492
188 167.41183315289575 352.09379007505544
189 238.79132922286874 198.2475738602327
190 328.3406821228119 28.771353688960787
191 387.18800788934266 371.2748272602422
192 383.138534265055 438.8214162371415
193 361.9985872976166 4.356410408959719
194 25.445474863928432 486.98135623956864
195 497.484769552346 267.2465536410236
196 282.59924123969864 324.40982692341896
197 297.7054385651617 81.86696558787561
198 422.61026792426657 231.69449037675415
199 190.99145359277887 317.16014585585594
200 22.035028192444315 344.8017192833907
201 234.8464730286136 75.10969482235008
202 62.03868120090914 174.28094997122196
203 447.49277453331723 347.9536348269079
204 36.02068681720787 160.25215177807888
205 170.4426138765419 498.0359251811766
206 76.66696952348705 292.57698669870575
207 262.5424135535231 62.31614376805758
208 468.18694987590743 161.142498217507
209 426.91150920305563 109.28895235119748
210 209.79613137759526 124.37069367113543
211 169.07623877514987 407.9528862286635
212 477.21262544661647 125.90852876586435
213 166.38695684845516 485.51136793998927
214 355.0504060104467 67.94915502096389
215 273.4975412846696 184.68973717409165
216 222.51230481145407 17.789628080198202
217 495.2857067462704 165.9080138904529
218 463.7131400162104 423.0388717536827
219 464.09748663512585 385.0619651898117
220 443.29545057602286 417.3560804945524
221 340.6099497014576 445.33419408745414
222 308.7406256252826 240.72174185852933
223 53.92419246927526 332.2817456241712
224 180.92269587502125 213.0215630613281
225 458.72371380511987 429.42859593147097
226 219.00474621804298 180.1583668810025
227 257.4635461530813 365.72887478332206
228 333.7350977992475 318.9978248874178
229 0.5914960742293336 172.56047357183533
230 14.56531870839259 168.20080243933245
231 500.7451917252273 398.35932365711136
232 317.78214976943406 271.3986151893284
233 242.71741397830908 283.61062396208496
234 12.022643569168908 318.22691682631296
235 230.73689337023416 328.6761147460062
236 282.12424746649924 229.44986463403214
237 158.27308126110532 36.855778352088336
238 78.25144703126414 162.77817282663165
239 480.1405666094378 399.15693277067174
240 410.63558101699516 493.01314132961073
241 191.15262336513797 158.47572014774713
242 351.06655825520306 397.833037951255
243 69.95324787400686 219.28325518628213
244 490.4829800699969 291.87946441998895
245 159.94295847960154 51.452919726279575
246 356.6214574813743 439.7979240720446
247 495.4063421798859 306.5653274301438
248 46.706732989845996 232.5404705186395
249 390.04774832128265 388.88401580159166
250 392.59027312034715 251.5478056670483
251 99.14634864676916 104.20757098944459
252 469.5789926540318 388.3939076860674
253 267.45327531489573 86.97282567825573
254 153.43401664456638 490.09846618527354
255 344.77039238276757 86.3090291732739
256 165.66565196921158 172.59065002122333
257 55.8744599127196 341.22426997971604
258 220.30206250805773 163.7423910954565
259 35.0798408644309 155.74318858208753
260 441.7673949131757 245.98004706379658
261 421.26936803845723 478.60885312909113
262 139.36924015571716 129.73046989386413
263 37.665262411713094 192.11200139047577
264 377.16575022464355 324.86087199961327
265 244.96048585179696 62.71721581412291
266 464.65977304601057 347.83135019682095
267 123.68609074058175 215.41833072144058
268 146.84994686722138 405.4947089952767
269 445.85098863814926 271.1742402067855
270 234.6584952052521 473.35060992573943
271 211.95809268500196 261.3515882369262
272 319.65030507088375 21.588845819009578
273 114.47436687307585 194.83224283280708
274 14.260345074611857 472.44174375272115
275 399.71217104433555 189.3309616616321
276 311.45390608619607 296.20588161518083
277 444.8655877402546 366.51292623140375
278 217.85875007232414 71.79098423761383
279 298.63752126032693 270.7007811331395
280 300.9285394792447 147.8067613790942
281 11.492226074574582 401.31732194846614
282 85.62390536498873 489.0080172811855
283 324.0727074743854 22.722649792574163
284 18.430346354033755 179.38462990382422
285 133.73362729423604 300.77364609713777
286 305.27141469354126 492.30449661033515
287 195.45762814370212 394.2587195354981
288 469.0212879762459 349.8961906164901
289 117.64665200841786 68.34222910694834
290 372.8724124627529 5.292659548156446
291 51.40991810320886 5.290756000955666
292 246.77204108943027 197.4478687572319
293 366.0059640803833 425.047280387584
294 448.5056983964299 48.985773345953824
295 189.0389177597738 315.6695043642989
296 266.776087321649 488.94369201547244
297 410.85752754755316 24.255019069804824
298 52.802776269980114 463.3326210115055
299 71.36055847037446 154.73884696934053
300 305.55089286017494 286.1518633282734
301 90.07318832537838 220.8674798879429
302 103.68654825422873 482.8680806591285
303 377.9263731782025 248.72929049464636
304 424.75185993923185 76.39721144545328
305 190.6449575709085 18.451857580433643
306 388.8545302529636 352.31160044708474
307 476.0300074876257 432.06542673189136
308 438.37485299984735 198.33646037160645
309 8.70707046815513 15.07461301976986
310 225.80712700186356 289.1959478763398
311 348.10444398470344 409.98164711197
312 227.8731266437055 451.523260661536
313 423.52417228654434 225.86005887143816
314 166.47209733589105 239.85796459413737
315 104.17325899306701 35.09097528849761
316 327.86438731799063 390.7202558931764
317 165.9339704991595 332.542927948794
318 223.72570733265397 493.3735076411331
319 353.46915070104825 195.80121952683453