0 146.5024008944959 432.1561986497308
1 276.41889773754093 103.93268508395055
2 186.5147071150244 210.82051390165097
3 307.4295676808061 307.29415963054095
4 323.12638331982663 411.8387620202559
5 427.10355460723605 241.28110768224633
6 177.0201000550847 40.244890122659555
7 298.434904948039 407.18203240495154
8 364.5173125511161 64.0750317947592
9 227.27973120392156 286.7595686098338
10 240.63422071230016 1.0326986729020944
11 373.9827778665469 368.6485446657379
12 69.04233181345376 168.76847866266357
13 371.6848173004601 307.9399761151075
14 195.07310813739207 482.69332158361914
15 489.7067173928029 2.0362012954227025
16 68.89552251586896 263.6166430486312
17 102.9733201823164 91.93837275544752
18 107.3908545097431 77.52864900873118
19 23.914300773370773 414.3582331538114
20 397.05080597337843 199.53102160032137
21 137.65866202766833 218.43424807190064
22 182.43306418230773 412.2608219470906
23 369.62576179967664 497.375993840983
24 394.3225322701987 452.14949334141636
25 184.80832537833604 77.06075105510308
26 152.76727471096865 45.512382861633334
27 171.1413034572808 224.46310129317942
28 318.5845955174174 126.7734048384326
29 218.35541206496015 314.8103307654016
30 97.76599715051422 479.0957790383109
31 444.625339774124 268.5262379800474
32 133.44884943545264 236.31129375205202
33 260.140026228393 290.35039506035673
34 235.76815421349224 362.319344565617
35 374.4458507457016 103.50181611729147
36 96.95356173058838 418.06132159585826
37 69.04377449792848 275.3934672669549
38 364.49476394390035 185.76668711388385
39 273.25727497690895 384.1981491731062
40 381.062752117994 426.4144137369169
41 256.83058866758347 232.51630010578052
42 251.1446661656727 307.25650461116066
43 263.0651500476972 494.5027952095745
44 84.02716365873822 328.8100692116003
45 464.557212456691 150.07266933263293
46 394.845844471393 327.94006034686015
47 393.760697545089 315.22431393412745
48 130.90760401371801 471.5271183466606
49 378.6665614287567 26.094175758909113
50 204.3885628109132 446.74303178249016
51 24.863850189740308 358.08830083751684
52 153.81155185890972 403.1410734759771
53 473.1273461804713 223.32374452156773
54 278.4155969552255 35.60908478110904
55 433.46277988818673 48.65695149162079
56 109.6436493498946 76.73053364728601
57 491.2331716075715 36.77622118607339
58 69.49574630059597 326.25191466400554
59 207.58832335495603 78.19188127211983
60 484.42109159503246 264.1642923420573
61 318.92437917899133 456.4707050275046
62 374.75616384742955 188.3730498151286
63 163.51161422932347 340.7295692943307
64 68.45438844834243 243.0514411294886
65 10.745915948076485 199.22911239174613
66 180.99938000138363 156.55225256029192
67 81.70303090984545 126.88912569805052
68 431.944558107096 461.18637583690236
69 363.80459055082207 260.6854275776467
70 62.480815590317064 429.2676301373728
71 242.44102659056733 357.1817622679199
72 303.79741819496525 473.57078539128383
73 49.33890660138629 299.9003543737743
74 406.7725067022185 231.75246592335333
75 326.3088200761113 247.84160206856347
76 255.70571653275752 107.34462323276927
77 466.76480014017255 354.2256054589386
78 404.3888852633313 47.6458576052372
79 394.0674653339077 466.44736112339183
80 142.7999203199552 412.208070532746
81 51.3104902084361 465.31280782471424
82 356.10028943598735 333.6440940731306
83 268.6434015412255 410.85422799883105
84 434.41853657502276 77.16667402167559
85 472.6039147816024 441.41096654260554
86 458.1101784012984 476.6099062481527
87 280.2189231977065 416.20588119161937
88 156.79853992954187 153.68141010018152
89 192.82574090354117 102.34763300742658
90 372.52162482221274 374.84654975265084
91 448.6637280521722 281.0457350182618
92 326.73691127006913 491.5560334773338
93 76.29150710702496 478.83778343613136
94 7.768973699046557 136.49372398945414
95 312.7958741649222 157.79722325835058
96 337.5239118484072 477.14345827693137
97 276.57603253950816 50.01534845291953
98 54.94045367922718 26.252535631279436
99 238.21046436215164 459.1325807921913
100 434.69892091536184 255.7033693478572
101 317.5433709238905 268.3316496334918
102 450.1674988874266 411.89629085531317
103 150.66423636132922 61.99961520146627
104 498.42964440298226 247.99306927842605
105 381.89568640155903 177.21535909082394
106 68.50651134670998 84.27434298778522
107 284.2544701426862 232.32605175382392
108 3.5655189776120046 403.4235460845715
109 443.10418381047697 132.1385925857173
110 77.98898256473576 467.76587321208166
111 141.88038711291784 275.6709325419044
112 145.66587636059302 256.36277827001464
113 13.83557122961734 191.9835618747085
114 481.7655886406627 317.3908347379534
115 6.725366783204882 102.34267186139311
116 228.55395726355343 476.41848245997096
117 407.23712388591554 415.8543781148936
118 42.520203595989 193.03484476684486
119 450.74823389521754 471.7532150039461
120 73.19732863689597 215.78200302356584
121 9.693793660370174 405.7284432364716
122 389.57941169030977 54.495280780085835
123 421.4220051738037 323.02789881683594
124 292.9655509502634 212.9657989801521
125 242.92056393539744 69.5921666794556
126 204.39360153663006 500.3054364070491
127 124.20820306312883 243.14050226531398
128 421.5659366246443 194.51611188973337
129 439.50337083961944 197.95526150105516
130 74.3149950800283 262.54392994341976
131 13.505144288674858 207.0930592203502
132 15.20805596511073 283.53322896253786
133 61.251816761377356 68.88842070677207
134 152.8488920895706 230.0862095784568
135 356.0584263168316 390.9099254404869
136 460.79795489429983 217.08115278513824
137 261.97702331633633 443.97866887186296
138 444.8034869600141 350.0053969270258
139 445.07198595982106 456.46564584128333
140 337.2125952587376 319.8187820806709
141 428.55786830417776 402.84711151865264
142 133.0142435866703 431.0793017270585
143 175.50783001723897 347.4161401502712
144 347.95564251597426 290.43453808099804
145 489.4088754521871 136.12350796228205
146 3.5686591680568 467.61080823807026
147 303.3128980549932 249.752816497495
148 401.7450555835155 499.7167238326698
149 365.7131246611808 399.022177324145
150 127.70695850354483 235.01849979605709
151 341.56128039337386 0.7489630662166544
152 99.83347301158919 103.34130092089082
153 90.03329104372537 474.91393591568186
154 113.82482213071494 37.90472579314684
155 185.75000877687654 359.3182102581613
156 487.11209288888864 425.70937466608905
157 234.16428125409286 130.5383106671812
158 350.25366374044216 107.55801113199158
159 162.7368107708535 159.0543351103261
160 39.29882787710234 152.4163149054481
161 409.3406612529475 147.75086491567032
162 279.74433251722894 279.09688177734586
163 335.05798190101905 23.472077237278818
164 27.76157836026455 56.18456825132638
165 240.16211630901506 149.94994468314206
166 392.83011045319137 200.71214456623176
167 17.61482257199732 402.2185478534625
168 460.77728938977 36.34218225744582
169 324.8503202850308 81.57755857874719
170 223.494585396687 452.71466130446515
171 91.96673778982563 349.2745913319381
172 490.2776680057557 435.17904885914174
173 318.7003990191056 301.33864346508864
174 286.82042292636595 69.3456291817595
175 307.7193832680061 82.41578910356857
176 264.3823871235493 180.76295844063378
177 420.8403611160643 385.0336641849219
178 492.544584216966 109.55638886947709
179 418.7462060356587 468.4525586715974
180 329.27034274839554 463.0474980247957
181 144.6617518819744 366.1486389805391
182 218.69594953103783 2.214835789838309
183 99.23144584439223 219.01890689969392
184 320.1899960079079 230.35364977570805
185 401.534646157297 251.59745304910183
186 344.7410102178888 69.44537753310102
187 224.77315825867743 223.92933140857014
188 309.65946754946066 479.55745552341
189 22.670635185151422 288.26077209791214
190 153.91354779378202 210.05965848841464
191 213.034239873299 25.373500161315157
192 290.15712090543894 370.5654280623135
193 13.246658245525044 72.21628023147348
194 175.65386220067447 381.28476696766757
195 271.68002027541013 118.46804256469579
196 407.85347781238426 384.9099890796551
197 401.15327820080563 228.80458762899892
198 120.33355367057187 125.24632879233528
199 492.59053930618023 341.9352650708732
200 180.18529540547365 318.5467749733066
201 218.98054656999676 496.9254688876252
202 221.69154347323297 22.91316902797979
203 379.58576442206555 278.92806861566936
204 65.32245043910426 64.18607921709776
205 261.1047026666106 200.20887080850932
206 399.6570804151801 67.46087491433235
207 17.152139200778144 198.27068304256727
208 359.8285239116164 241.74021654185822
209 366.9891398386457 198.95534676832722
210 298.4855863410884 94.2610424596116
211 204.9087439211689 189.63486538992626
212 41.06585442537512 361.7189320134382
213 141.0627377687514 30.990278065792406
214 374.38305391084236 14.953416566561865
215 9.801194237497278 281.420882304066
216 300.1457334285331 347.65500981726177
217 120.78897520928012 106.82661030779012
218 324.0448461705918 233.30787513220287
219 333.2617193851622 447.362994377778
220 101.47472343592278 346.89188008221646
221 28.789060221742226 412.7804241645959
222 288.78462238931786 240.83325422254487
223 171.823684049778 34.12887092640287
224 288.19767905688065 397.3154868029174
225 389.1323541839537 326.9340349641063
226 374.179213550055 28.340177530491665
227 430.92872284658637 275.4324775622117
228 313.0884034018189 139.8622487878183
229 386.1573378326116 270.0911084278893
230 162.40518316550364 56.914734175808185
231 216.9148971189829 156.43002558708753
232 356.6885607554974 394.8852908391676
233 500.4365113195565 27.118304114680594
234 19.692915470881424 166.01020911552556
235 216.4240989942622 65.41842478024029
236 176.7458490108882 28.710885341767227
237 44.74832350708032 222.31794507235415
238 114.57392560359989 426.6138408695917
239 342.71694443201943 240.10584726465734
240 186.25198929498984 198.9672553373454
241 389.16967552291476 30.726318582516253
242 201.8472972792093 58.69550847812764
243 496.6335257802078 178.97392241658054
244 362.63142056551726 136.51751875364423
245 240.65198555077265 364.48214755890166
246 346.4408641856389 176.39566954000026
247 389.1882543760672 303.50101745933557
248 230.88156642731727 310.0791973551182
249 28.694311351447325 355.65963964845275
250 381.5931339236984 217.65920862091457
251 9.037040526474314 268.266254351736
252 282.71520733705125 387.861879714557
253 8.976745187535345 132.2107543802658
254 29.03146246638221 84.27260373377649
255 439.3051869818226 465.20370641416514
256 309.00603074574434 76.80545057430871
257 369.0672827602574 463.9112409881784
258 231.07254142153673 103.51111123967863
259 344.5141648504256 367.52633198403544
260 268.0879184769282 23.250621473309693
261 222.56563839056457 0.4549192788430385
262 357.8207620615457 65.85326862277374
263 106.5956368693291 9.089204258695787
264 419.70886098567433 84.12408169007615
265 18.29706994159141 468.0906404560937
266 105.89033550029113 221.46956852976675
267 163.2309753660829 499.21148636800274
268 84.69026309699204 418.96999317964014
269 493.4196297235311 256.4467250219067
270 0.32700547112897715 229.44236089913053
271 267.00459876720896 99.22681161862727
272 26.592422619404363 457.41009256347195
273 442.55809524777703 38.43713922594142
274 47.65495313056985 194.92413892278796
275 497.10929560035817 47.28146196120128
276 49.93690537202489 440.8643440820846
277 209.3278280980679 103.39409893447683
278 221.22486845281838 38.69109769202765
279 471.5919233024875 375.14998595867087
280 67.78671373591607 342.61417887216726
281 396.8619230349661 270.8215303640686
282 72.28889588934614 81.7990279518714
283 347.37781128890737 154.08774262548255
284 491.7349088114585 113.54034286550224
285 449.20481721384743 351.4140653525207
286 396.47817129953035 342.2986391164106
287 306.5619308470741 198.98984444262993
288 427.60255716332415 316.11742973166315
289 377.6857029690284 249.23592969041877
290 491.60878847246585 174.217273185326
291 362.70536661072646 373.3761688224897
292 301.3967406223415 330.497042774189
293 13.635044690138118 427.2043312637433
294 198.9920876848015 4.264107446848257
295 442.12517830742735 295.9718329409168
296 134.32939187636094 459.7617480552722
297 314.0574275283963 76.27197902089334
298 13.674779866254537 32.96578147818753
299 319.4161166130318 350.9027601503764
300 341.94778763793033 358.6816842710976
301 350.1241019154978 473.9530520935916
302 189.28499665291866 411.18955752691267
303 113.69220341858487 28.77580381366182
304 33.67750318103729 363.55604764398333