0 266.5983732452064 101.08732847256007
1 389.4097164434252 13.261065499275619
2 173.28685310940077 270.1629410570062
3 439.3284323375365 401.9712912242742
4 84.55722682954517 274.9869605407759
5 59.679742591113886 71.13356620013964
6 303.8993323955961 75.25925984125863
7 172.36493430463804 304.558238204434
8 377.02249798754445 102.36035677155903
9 320.98762039067634 21.315832576138405
10 424.4263062159056 313.73391963599533
11 226.99062550103457 456.0800344913283
12 451.3646750264227 261.6577800747492
13 293.51453088101783 95.51572071813806
14 350.96644269287447 239.04398453405616
15 158.3487695735589 345.4330020277304
16 318.5929099977623 179.73318555481927
17 425.4918654057735 261.2063250738799
18 41.73645511990865 392.7304248063456
19 86.38898909269805 214.3924412894924
20 329.89420927359265 346.9668073801786
21 475.8732464631418 273.5718754799161
22 257.886878706734 158.46586845141343
23 243.20104673810528 108.1853660618549
24 1.0353377647879438 97.24300632929064
25 466.34279210499284 214.54040857512973
26 213.45589660714992 394.8737160226283
27 429.8665202964419 275.2222898434137
28 175.49058426551593 342.42795863493615
29 17.335408080618095 17.86009871486587
30 435.9493151203629 158.3880397796027
31 371.1291603328399 475.5699835246226
32 277.40865672154365 335.2416640975769
33 124.99487885589448 111.4265086451593
34 146.28526014890508 199.67386178297758
35 77.43469886720241 391.9973498185369
36 65.78210499977165 204.66890261478304
37 38.24557529789571 423.3175218756371
38 135.09162388234722 491.37733276322837
39 451.14082699455776 456.6762930305261
40 396.4324093108764 91.30350138271264
41 56.403471768166256 133.24328046717594
42 193.59462848906324 212.22530559859817
43 490.94827028854144 26.869875221555574
44 128.6741579916148 362.2706352351277
45 151.00236133676756 175.36788644015115
46 322.5868754646746 220.74394094778572
47 98.85356421225475 489.1894096545726
48 466.7714266694864 496.6215335741584
49 472.7609954549794 102.71009720083664
50 38.21298239483013 161.11569329560078
51 84.17446210831515 456.25292069000744
52 95.54983104193877 369.3452379707399
53 410.8668986873535 86.57991876868604
54 238.5612765649529 3.9444306721810336
55 102.44867131086879 404.8267516658566
56 165.77737649103224 272.3918697419761
57 11.00273788337858 412.75824134901353
58 196.2997031657234 418.9480027093155
59 402.25673423641337 161.78237292153042
60 234.1774983781939 144.35196573031277
61 168.79088067448703 480.3764322320292
62 403.8442271571452 8.847999096245983
63 352.2697985218332 324.4505709042058
64 456.1874498346425 108.68641997933274
65 144.58212346066506 436.7029895025954
66 78.79811423715628 83.9759720383417
67 373.07313412664445 290.20482788870856
68 404.82550181419225 36.65157086735264
69 88.76412298839391 189.2942872566281
70 306.6502691936288 227.3660103579134
71 496.5660332183659 224.3561441717443
72 44.28001890549496 485.3139004715557
73 360.01558260625984 181.2163926280597
74 375.9709760255697 89.35277086722151
75 423.989096334909 392.6911757280957
76 496.0838495412413 472.2989715768812
77 65.18170117077494 424.29507117532717
78 36.59324424155259 430.94487331665033
79 66.87943985889834 428.235793612712
80 356.98731433309445 199.1690803006268
81 380.6968946285965 422.60087507826336
82 496.51813931586014 67.49295491788659
83 181.50482456507436 225.0760687422385
84 486.892898955937 427.5741414975007
85 304.7304886174719 238.62656134028433
86 104.53233530503559 18.422055582399548
87 327.57728133584027 269.31871741783596
88 250.4652003348075 357.57037076911786
89 169.48106736363985 73.86358886985745
90 329.7761294939105 242.04774559002792
91 24.29721514240064 344.5230672139502
92 385.2791317741034 491.7512989063822
93 312.295419846173 369.73502748918247
94 199.7502429268468 10.745595905894598
95 84.02860444670257 183.18653006925024
96 239.61990965324162 60.085626597637784
97 465.53776477325147 51.091616545848396
98 68.49975494274615 80.99354097186632
99 227.15623606147747 250.1156384716561
100 294.29791318139223 248.60642163636044
101 39.38509455684761 178.72825018428495
102 140.96329773429872 429.0566483377392
103 228.9255067705549 467.7646651683397
104 467.0918315859917 51.34630457268587
105 97.9743011671087 362.627817322556
106 346.7258777137275 474.3337367088824
107 451.31593704749343 329.8739009563267
108 354.6833134081011 247.16297200017118
109 439.57704723336616 462.88934117737625
110 265.66369233365833 320.63554714530505
111 243.24880499425208 467.98951020057785
112 177.19637177145628 66.34981913705178
113 346.72805647128047 190.54763380394496
114 438.21902918980567 167.91382313583833
115 332.6799375884618 349.69716181562745
116 313.7049506680612 295.17593250583195
117 174.4825068474846 367.74134703688395
118 5.29369444166228 182.21097068773034
119 429.37833985110365 439.65129936654375
120 448.3217829467221 138.75024796514015
121 68.22856263710072 212.9365270493892
122 276.9991954892966 230.84974747386786
123 416.4414339985522 245.73222189610198
124 473.73188159077966 337.85414863042706
125 243.73061307052507 172.1626621663662
126 407.75190471073216 17.13249913554608
127 106.84774223316583 330.9128727286048
128 414.2840525305555 110.63728673921528
129 373.3290334931447 403.4682975539924
130 37.4515897058722 274.06958215278524
131 181.59775910719637 464.6675041244986
132 263.0034607592794 164.32092266118323
133 256.47232415542817 177.0531802922906
134 336.73152565322107 290.9063681996665
135 37.243768726641946 241.0041262344427
136 251.13884329876046 99.30350165219689
137 70.00738656594027 71.78408684071397
138 29.51845951039743 197.46846566394498
139 419.85949084122706 98.45289702875823
140 190.1073149305291 196.31289219850325
141 121.90367680975694 457.05121801576996
142 125.390727517732 23.59460177404391
143 310.7501580447586 301.59231312528186
144 157.95041622982632 167.49984604234015
145 157.33696963564313 395.1722873614954
146 157.4728741235027 201.17679727994695
147 199.45403877797264 77.94543657910968
148 418.6643012925345 102.61720451918137
149 395.30873027359064 222.80131121226077
150 409.85492821320565 285.57730326027803
151 457.83598222893283 231.32804368644267
152 91.01766616679679 449.6794299615759
153 86.22659262340387 173.04911807922977
154 194.77466609771128 313.4417789597108
155 187.32384678072162 152.98074796171548
156 220.72049828372056 499.74692334320423
157 27.12194450867028 50.27264911654725
158 401.0512448398967 321.1783705987812
159 32.588623264159494 317.0671737100057
160 1.057050063646789 481.7296733234436
161 65.4302642136991 84.74001877295002
162 123.50827035000157 186.62214393105967
163 55.2190064158069 430.37023608664515
164 62.346217776383206 474.354828511996
165 282.5100932827975 213.62841858309633
166 354.37485926811985 77.6543699818977
167 419.1911623423907 64.26840623076487
168 322.8427101681799 489.6926373298666
169 144.32636072154324 170.0618742644587
170 287.9026657455529 413.79627725156377
171 240.1845312449497 205.32416294158858
172 58.94213940821359 195.88535848446875
173 51.97381293349367 382.1458756174799
174 471.6874657381037 372.04675861876115
175 96.04438707465387 278.0666401301379
176 462.80351965136157 378.97364989173917
177 330.9664250398476 302.2059528514326
178 109.43333337963357 105.48352304689291
179 293.9420493647061 348.80035423218885
180 60.752302037292985 352.964930813553
181 338.4685068553499 430.6871852390143
182 494.147796748212 445.39734083692406
183 141.0333158679052 308.52221118492787
184 44.07721119094514 181.53828849991814
185 492.89333064232414 396.42165973100487
186 123.00627261778267 495.9787866761667
187 83.66613442472695 483.27879286811464
188 116.0843069309415 167.03049502631444
189 135.54496778693644 109.22104833832115
190 236.3740443272298 168.827080701207
191 188.4381834755063 229.545812794706
192 153.52144293249842 207.59755257328138
193 291.22921004520833 104.00107181915763
194 69.72398157576144 300.8005251428207
195 86.65506982408456 215.46199851086953
196 59.73640793996413 245.69641122617884
197 480.0093782178485 326.8951565899596
198 310.43846411176145 137.97811810739245
199 117.99008555658907 185.99922703374656
200 332.18206685243086 150.28136339526415
201 400.5326662042269 246.0641979748119
202 310.73354015068844 109.75184579542602
203 27.396191662558724 167.40109986481525
204 481.1317611483784 5.359553633261542
205 396.602931544048 289.1593746361257
206 284.19391960058346 407.31910406573047
207 211.5710321506712 165.47186976025472
208 76.71827477456662 399.80033564776153
209 254.92568118104916 225.64517739484378
210 299.65669481935413 34.09500820498942
211 115.52578431769717 50.547812477639155
212 312.6596063014305 434.5427473122864
213 15.200973187496446 257.4396831360875
214 35.432482300919276 118.81379918314218
215 28.05860043730627 445.2330788608104
216 92.28484973745607 306.59586906802707
217 85.9900690368449 185.57900184579117
218 376.1019265400106 377.3392060382863
219 125.18344279460933 45.23205702566443
220 306.7235031923474 424.4764522350549
221 89.03163555089249 161.86300586180437
222 43.37606163745129 279.4529913352357
223 254.81508599676528 459.8602016211415
224 40.371399531977694 156.97842211715607
225 488.93326765220115 146.689325376122
226 116.75868466193867 69.14153560870345
227 73.2610474253885 225.0654980395674
228 126.99664913701315 444.4187282721324
229 168.4140302641098 329.53271553898185
230 366.9990832877717 419.1496392096106
231 271.3212458902709 348.0424401630772
232 46.09871052064172 97.75416549541967
233 268.52392860052544 384.7767530723019
234 7.573477025301642 126.82137880178644
235 242.04619041030384 280.7707380459009
236 326.3841468906369 285.21352963938364
237 189.51599398959422 69.85494907949435
238 63.68316741864377 401.4973425044566
239 192.45445812096443 419.0605408007203
240 203.47200897236638 268.3398848585189
241 330.29682355136254 290.9081948989786
242 174.5081260687757 370.9879278854066
243 295.7601997776573 294.9364246835436
244 444.1923909797531 139.5872056189083
245 217.63130193367945 379.4157508688779
246 304.70384041773906 122.89207532585039
247 126.9115401037608 292.44213694605594
248 333.0913426789565 386.86615139846344
249 340.52736955563597 474.50672097941055
250 431.3800229716199 166.7811097636682
251 246.49062265089194 313.1979908395096
252 487.0053970107324 259.6833456657889
253 98.47647970975314 495.90892839392774
254 416.0493211810017 356.51719398197343
255 408.27601337786297 466.2930777779323
256 242.8190193966896 42.76878641826097
257 429.47570975621846 343.7424595635679
258 392.2843462355161 435.225749166699
259 13.01833579629239 465.34430029420275
260 31.76824939362402 444.3358681166477
261 270.007112769268 74.61471352892086
262 121.07128863711756 482.6917378379551
263 43.2299153459391 51.804283547287504
264 240.90391920870616 447.3685863057491
265 172.40027860175604 431.724078556776
266 400.09841267952004 171.1989371816548
267 328.0391005469733 383.85002343729326
268 211.57749204250956 107.58040849112494
269 478.2536944607496 223.92925560965185
270 219.46771636212753 370.0820194986007
271 140.41019163462974 443.4346165076762
272 148.06306528051476 377.9393862941288
273 108.84089262389433 199.99119028832348
274 14.567985409300196 243.51082535665108
275 234.27968528360546 174.33376918340474
276 317.67864495666953 180.9039812570942
277 154.67697912213083 143.44480071838518
278 450.0976809656643 145.2764557933723
279 45.40955336141865 145.2693904642682
280 65.02002374341137 92.76430250134096
281 38.67142276902048 86.80738463350409
282 322.47566194111545 198.59860274946445
283 438.0085069462477 182.44207387161305
284 290.17064138181615 85.73294865428011
285 204.5429185939736 136.08075501499286
286 299.12831968763317 105.22375527859016
287 460.4218702299437 42.05470184562143
288 140.00044998878678 441.6803948764438
289 357.42195496599913 34.754215237548756
290 300.3912342310449 342.3337567050063
291 245.44086249936188 308.6590642444559
292 329.9174281795478 46.6591808613133
293 444.81709630053564 222.76541188256417
294 499.0136647152526 21.034264421587757
295 272.03218530678754 327.40755616904363
296 87.68463579642852 428.61148602838796
297 168.37050985197874 259.1258588858832
298 5.504166186364303 332.4426509562388
299 356.5385749111894 123.54202220364586
300 387.16646438042426 478.9046650653425
301 457.07869995883357 121.16859298112671
302 458.80563417602104 87.64478228431385
303 363.65113124803725 361.7017413739106
304 213.11706102955773 490.58928897956633
305 437.9042283377465 499.6245413392316
306 324.0380057547661 43.04039491934528
307 243.70426641371841 33.88262364529264
308 278.3743680143004 203.5241864273744
309 97.95401425199694 337.9849755122855