0 226.97772462149496 428.25470401348525
1 488.8945988593634 291.0989701407373
2 109.05956796245334 421.8127977889757
3 473.4353138432664 232.47801076757227
4 455.5445958809629 297.0738114192088
5 158.1327433013381 86.67734444690053
6 60.351298576858134 414.3045343340608
7 225.8063853838639 45.66267219294423
8 372.8110916236792 59.91390073661906
9 421.15230714499955 367.52302920094655
10 58.148092034474956 409.53882587309954
11 7.332112157567828 98.58982226522753
12 346.68283004806227 36.27478790055583
13 192.4213862618268 1.0063035621573082
14 17.368096908881306 72.18902696811531
15 192.0822671469763 358.55179920982584
16 194.25456669231198 110.62635328519104
17 271.39216298864915 111.6001858350646
18 197.8792205532578 71.84571264171161
19 333.23428725481887 277.3237340654726
20 294.3714597671934 291.2102989997933
21 70.03555118451611 360.6409097151913
22 53.27970152273842 203.4950323421832
23 237.92353699330388 51.95076560009245
24 376.73554455983805 118.87184459916442
25 299.5665470676386 280.3968707815173
26 432.5931733765408 194.7869750716743
27 43.05957253336595 271.2598019449799
28 357.6082785583013 372.2537567800903
29 236.2235751602868 122.09049694381109
30 40.553899538497454 196.0504233309299
31 499.5969390030388 482.36511561528226
32 202.40983417594381 119.93430422948896
33 355.21518772523495 311.7676104015644
34 233.40778610616297 78.26223374368031
35 288.99856546520147 342.6875905003471
36 429.7659596652231 331.3415966521917
37 205.19730623763425 236.15870869348456
38 288.4052964832814 296.42715855760866
39 346.88012995606573 134.25679177695508
40 487.8032082804126 333.5259849970828
41 57.89429235382794 211.92695262599315
42 480.4117366143772 187.0758944105734
43 244.07373897021853 47.31579304396518
44 374.74332268416845 79.12283633263756
45 463.72724222173724 95.94700870412092
46 364.31083686098776 214.8379493785865
47 357.59908100735754 270.4979204331702
48 480.097444011528 274.08745370910657
49 482.56263108647545 143.5096943611043
50 328.12743151223776 279.29672294370516
51 142.28043216120045 42.09519495251435
52 259.0111528179736 54.03444326016429
53 493.9446908375955 327.59656241185127
54 78.04488947919032 346.58361307878675
55 473.9977144258568 455.18789784107213
56 485.5608732137326 39.263302614008836
57 85.42476316659582 469.6193468973958
58 366.7432726044963 276.41814568398934
59 124.80995110547498 403.65479756378414
60 429.05256902338874 186.80245447917446
61 179.85094752449524 150.26838061632236
62 373.7337967492183 349.55136237168927
63 102.43940585549306 231.3336386641701
64 460.62349843565227 19.053667448382253
65 150.73122309150548 500.3649326394659
66 305.6155310282001 117.81929386135687
67 152.85459669893015 216.8513153880473
68 181.69781040546744 416.8688751194605
69 339.0335020600263 76.86169181883575
70 372.43003353630866 338.2636989899486
71 406.9406096574594 189.89328923632448
72 327.0966484893028 278.1415408774086
73 470.03572252091385 200.38604223505865
74 447.5397506874331 353.02695259047096
75 235.49482495314103 186.93190852257626
76 287.8537282801062 5.24440399781496
77 125.08932253928057 185.9707037391897
78 334.70588970678983 435.97826597701425
79 29.03649908426092 175.68299872368212
80 258.03709518291777 362.8958626651878
81 33.40945380341625 97.86614837051185
82 190.29166978597829 215.27814195261655
83 221.1683791877481 8.810273449749712
84 101.12768155272285 403.28685569559565
85 68.25508606330287 227.57950391758553
86 272.7666054502214 438.33827420744205
87 15.478625018276723 391.6472073116909
88 182.7558066662204 284.55036044576445
89 478.1123644750546 146.53423968920117
90 318.9376716561233 440.8836101193309
91 405.22145758468355 262.9558570560752
92 22.845973524485903 404.9054694820308
93 483.74452411013186 309.99540175360937
94 474.58312734982803 340.07396226302563
95 168.2645895420945 140.99202215199065
96 264.47113955287296 424.05820455144817
97 20.221503513948036 296.15473377283195
98 321.41476115086874 62.89198095865463
99 198.0419347679493 70.3965410170286
100 54.96690104817251 365.69089978251606
101 7.29275194250249 414.52037976835095
102 182.5443694862623 472.2545857447282
103 93.49977540076746 469.68197595571115
104 96.10662286247913 108.1224358382761
105 163.71633110151006 16.005590798019444
106 496.88012259065187 455.55482861408706
107 114.2746038142785 276.33446433377253
108 202.3881958019418 208.4710636307243
109 19.40765297428396 491.3609788381158
110 188.12893851454447 498.5913727510983
111 189.59112015777052 438.8000525182087
112 371.7332106016901 116.90217770684193
113 387.5211673290716 27.844877961796595
114 89.33011368769229 347.0923916351986
115 319.6184349619406 388.8752117189474
116 470.14921229140873 483.79272192407984
117 178.82825463906113 385.27637477157464
118 74.09653548041105 26.29115810212151
119 320.272916380952 303.2709605115386
120 270.1561485613097 355.8946136547864
121 99.0045820146448 486.8654300656658
122 213.98888581774358 87.26016182257473
123 494.70589954332024 44.370214789159384
124 205.02736612547983 222.82886540467237
125 345.6902189413061 342.4647619453154
126 374.6987469550236 79.96087174732943
127 430.9645669364034 324.4477413977017
128 320.14630228702185 457.4927564901347
129 88.43584134479408 370.13790114472476
130 303.96647013139363 390.2162171411622
131 264.56427328823065 239.87250417557644
132 38.02937874434325 350.2118568399814
133 126.89823492391106 345.18803279957757
134 385.40940092685923 178.06272085030855
135 352.9605081564782 477.0616106786629
136 476.81606940418897 55.71902786918692
137 227.89840014339168 327.0420690304525
138 351.6864452198804 312.18935469312896
139 444.1590197819651 74.20569683766756
140 165.27683214507542 382.292422721931
141 302.2055780766844 27.634682272089947
142 389.67454344189673 280.42021859198394
143 47.9520433228386 299.03508847425405
144 172.63973818530977 487.63454737495596
145 178.16042856903607 224.18644137278824
146 177.5830930169019 225.44796029364448
147 340.5192055524545 270.14628203667735
148 227.7864404736202 184.3243115799732
149 369.5006313850617 425.5210902123893
150 36.181815760384936 342.2750111670479
151 42.38126936883241 136.65844555714807
152 92.61851259184758 155.92425431660305
153 348.00231725001845 152.31606233749903
154 485.5681138584964 19.069730364546558
155 379.9449131918636 201.21917983965233
156 38.64467640727562 23.074831674429173
157 475.8004016137004 294.93099887231654
158 131.14947465835172 230.39440218952868
159 298.12703334460707 27.62939392282572
160 413.0899089039 336.1578585171294
161 350.50130643373325 135.7087327450661
162 444.76685964084345 292.01213043092764
163 290.79665624536705 196.6065684212762
164 406.0770696106626 167.36115235512202
165 469.4511764018505 276.89328625669333
166 80.13483564214177 251.729735015357
167 275.02287758480963 480.45607788565127
168 263.6818486861664 136.2264297195399
169 216.77304878074642 297.55940102293243
170 64.02410373968993 275.98360141886394
171 106.36696384044427 356.6700510855922
172 294.91196449894534 287.01233549063227
173 332.0360870078277 128.1980913252937
174 247.86237423865734 40.125532197927896
175 435.7070892938403 390.7233321063861
176 165.91113827272002 397.4549055670441
177 108.67027377686264 228.85288547897073
178 94.67931409673409 253.6156518656988
179 230.33381030823654 137.5860323616803
180 95.93886048875345 403.7572052176621
181 236.48980439978257 290.9511006763247
182 468.5712427331465 59.579410740360906
183 433.3046791098381 360.7222326803288
184 183.92656993326065 254.8903576494363
185 283.9384455137035 316.2248495086112
186 213.11153772245146 205.43562327665109
187 314.29622201090547 458.5943964918129
188 231.66116676346434 137.53797015746795
189 481.92020818490613 35.366216943128705
190 468.38237032787686 463.5527544807547
191 244.44151634459314 149.94292262237514
192 49.89649914395303 134.26592976261642
193 61.32847729439492 269.3111155886715
194 242.5537062455793 447.1402742046425
195 203.89184114327972 65.36050697579205
196 358.94367390485945 5.749631694029303
197 52.63710676463246 442.2964707926939
198 446.18513552347326 65.83224439443987
199 490.090378271227 25.930722947222936
200 11.541028608781549 414.14070594036946
201 44.16645453872898 108.08515755002968
202 155.67658274097062 499.67017185512117
203 197.99655475827686 427.95042638746474
204 421.05439524625064 15.90518951217643
205 63.887982586651034 452.00322505160574
206 59.54345768054292 182.4420713744093
207 190.74909636394545 254.0055181464972
208 147.30861612711954 11.715280561212701
209 337.8803921169889 353.6840137572976
210 110.44212213862461 450.5848650866955
211 370.5061330249856 385.9194871093481
212 292.60097578234377 311.2265958700459
213 320.8007811574332 257.66362989928837
214 74.12152052781786 68.10704425615452
215 222.45072110230436 479.34446458842774
216 403.6973190737412 152.82308652142203
217 21.984029845176643 170.2223263089657
218 268.72650277301375 47.23876788550152
219 207.19988791763288 330.0140748739502
220 271.8617320924357 111.66151459697639
221 263.0337027551238 270.11637765416816
222 414.1289969708849 229.76630566586215
223 199.10571653821157 253.92786879770384
224 102.22049258697484 49.59760465468711
225 131.01770720179343 221.09481607551152
226 147.21251925521474 281.25789889019785
227 311.186438188474 138.98668856838322
228 166.01109557974908 210.82587361862267
229 36.63207523035518 413.3457832819459
230 375.285831192615 340.63806256072513
231 53.67618835840622 457.8485081055886
232 172.51707957640906 267.31521177023785
233 374.94612689638785 470.26687629249795
234 256.05169874370876 199.8173985800302
235 415.4313753238595 140.02441441367944
236 225.7396195347642 261.37214755269287
237 440.592192180018 1.2040525145635135
238 248.80641753743504 21.334894730686216
239 55.68213424419156 354.484083852802
240 346.1063619042215 2.913947265009029
241 370.51333203832854 193.05363185356222
242 263.7957860034676 216.21978306581528
243 465.86709550807905 333.2904748393927
244 171.76859108269682 117.28349355575773
245 495.6322322089546 449.8719279496525
246 97.90353825530738 233.5299436136252
247 16.539727726645552 49.03304230784561
248 78.28731831702397 48.68799300909324
249 123.05458708830824 446.8870872964674
250 452.09783241599985 146.2739755439943
251 15.584577363272572 135.079243991275
252 70.75908750726491 473.59360977520095
253 400.6702256849075 54.55753769164018
254 446.3116383056971 25.673850778058544
255 438.2316467355304 83.91365505128647
256 442.6824435513303 168.65791503011496
257 9.265315634955211 234.57172555808143
258 197.68284041472816 236.97522366324117
259 188.60722118037472 393.084420054537
260 305.11558520022874 48.03237986290639
261 107.5089383407931 118.93357718044705
262 119.32972464257591 404.2625095299472
263 344.80940578175205 425.5263700242198
264 234.92619658598605 156.11673791860193
265 10.427128591219963 137.52826261175412
266 245.08784763072754 427.9856377790228
267 447.7467011154609 409.2805447624767
268 386.18413990040983 76.09737447275758
269 277.22798154179173 142.81276821665995
270 4.883766800011638 50.15557365249773
271 63.22777762641048 94.87945937009829
272 62.99782794792097 313.85177356679475
273 450.5907972336431 142.52577075332272
274 2.671678446020157 100.41565991360503
275 437.0408863426092 240.9177991683992
276 368.3450449036658 338.0509895102391
277 357.7827572794639 354.56153172658753
278 460.10862490753203 164.44574194266423
279 186.01113646309975 197.57795287170603
280 145.69891081968177 104.54223037008246
281 482.21630173043513 429.40201749336956
282 132.39406806789714 66.4061983969017
283 135.27376024120053 13.13002715519718
284 104.50003816589846 495.34352348614965
285 45.31053277942023 315.7520795679454
286 128.94956112637422 157.3788148116061
287 473.2519652416159 82.67578606119795
288 85.77526613125058 231.832599158321
289 80.7699290291816 360.27211337425354
290 162.86445401079516 36.01161855795123
291 74.07734881588031 0.6561023975580701
292 100.45410682472692 473.96190655338
293 371.64358873143357 361.5526304896421
294 429.2832038606892 462.8246013366639
295 447.4413218323246 407.8913757694374
296 367.1834869368988 386.5818569171865
297 287.7783715785427 429.7254649791754
298 394.16023715046373 328.8834886830168
299 368.11578152963 226.17457532020381
300 210.69166144263036 145.2043238549129
301 159.52923584124332 115.35600780478697
302 429.0580953896331 203.79848639506588
303 428.6313200223011 335.6863058316556
304 316.00198368951766 423.7884099120032
305 449.83986047861504 412.5109920731263
306 328.9145758070157 65.25509243853449
307 310.8512269908284 326.7515365955682
308 434.04742711646475 57.38052041681445
309 120.0570991073276 340.14650306195074
310 397.9547519982678 480.5339229039693
311 254.42964400694703 132.7074253014451
312 290.48656161064724 210.6908023432331
313 219.09233679269644 472.21056781557064
314 393.1736643312317 102.72675628453776
315 289.3920133117958 439.90184275780564
316 51.771764032303565 462.9379331631114
317 313.79318829906856 361.10498705097734
318 257.06527020193874 4.605576676750609
319 444.3262120920514 405.09213147589253
320 334.77051149250065 400.5442913176308
321 52.6386498222311 471.40085748368364
322 183.52369402938282 448.3519284219667
323 256.9226681142174 353.7635508907558
324 368.49049585316226 394.5136239233683
325 244.12118390151292 327.9523465309025
326 191.09242307301727 363.60332919629496
327 46.85165739235771 224.13702063615506
328 55.70925499213251 374.5731052307603
329 461.42881593960306 238.80332054346948
330 3.987186609081178 412.5240503340094
331 23.216083482196208 177.88568557031277
332 284.5593541890916 46.41196490733353
333 330.29067350212455 50.5311608269414
334 166.56838478141924 124.85703752127938
335 438.06806972280157 404.82977585754855
336 474.3695182885658 115.5985535342137
337 259.0992297292922 41.9225739040253
338 432.1888905159407 252.16421718873494
339 110.72760056218542 280.1292970010493