0 159.67651012228657 382.04842895858144
1 303.62136701055226 180.6505688741525
2 108.74661690644588 469.6693682121154
3 15.694153348970737 146.2190372588138
4 156.0456628426721 60.25604628192799
5 356.05558793657843 346.96957255297815
6 110.83364325547745 466.50639025886795
7 379.3766311171776 170.3241912499321
8 326.8037741174506 439.19844398343565
9 358.5834106143526 147.29953386124197
10 278.801476035786 45.91480185894447
11 43.28943320797592 278.8739471736021
12 330.95737597964415 182.80889044291524
13 211.0480869619703 216.2560522353682
14 284.40349658137154 302.7098747604655
15 240.7025504633804 492.9319936186407
16 325.05941193265386 70.68769130705464
17 485.25599473194444 441.14668300058014
18 121.1987365611166 24.181594820435006
19 92.23655082703631 406.90919842913434
20 126.63618679848169 475.9328593874098
21 255.4894741607126 319.7029674267609
22 57.411566245232784 321.2567253530438
23 24.69350401707599 188.82877619678703
24 101.78945415367458 100.63839079305505
25 434.66843662956967 86.71172456789724
26 114.24194558518927 91.24461664082165
27 120.71821649122761 205.56291266262463
28 412.83683362961176 448.705034003977
29 14.836432481127531 106.5025273315437
30 277.1144051877411 381.43637675782026
31 399.5906252893212 339.62290005360774
32 397.1039687190994 99.85777602978843
33 290.89712082815606 161.4985782449006
34 267.60415009450344 277.0769460655652
35 134.7001862737464 189.33492136637443
36 474.2315987021891 48.014764386504474
37 207.77674264586742 392.28776925253015
38 334.0283974565773 128.47947776472907
39 452.50295231062984 467.48330992647124
40 86.61086948014365 410.4021764570061
41 164.4385063898291 258.92127165823536
42 134.9415313854576 1.301712440157366
43 54.01218811050981 26.75351555381591
44 332.8101726454344 1.0594526159225648
45 170.42456581812777 34.396347227603485
46 430.021928510609 397.2538423007226
47 77.12322846949957 99.55668951578997
48 39.10675918913463 367.6295054685607
49 419.8515403201174 448.53069296907216
50 394.0891831018328 393.7571984412536
51 175.32345275890108 411.0679516253654
52 191.48644330277952 484.5785567472881
53 449.035119318962 233.6851711178759
54 28.239641277926204 500.32371595514377
55 77.58810853344879 5.560389777076097
56 212.7247210636163 485.23983720817023
57 183.1697495759377 467.0420539364293
58 233.33881265189737 119.67517801094773
59 478.5127115292495 220.3667992871254
60 255.41239176312087 375.32596157912553
61 290.7390328167449 180.39577296691647
62 250.35869211468642 167.87226464364633
63 238.98296022234706 353.0511638048081
64 260.03928662326985 336.80440427218304
65 391.5827317237915 398.6631791691948
66 313.298511582027 490.9725902781921
67 28.932754107565284 239.62202327295148
68 179.49900229066108 338.28054076620566
69 302.79609756773755 326.5704715531217
70 451.67699546654495 377.98740859111405
71 123.99122027388965 38.869600058623206
72 385.628314775047 400.2828931388937
73 112.88728687633244 89.22358050669986
74 31.834568777653754 74.15650840721372
75 233.06952034034447 168.15886979195938
76 396.6441824205967 484.0950558526536
77 9.868681197837924 8.519346333454262
78 246.53362520601192 321.81083366023705
79 341.18818182076814 453.2604517671021
80 201.59195011985665 100.02886935107102
81 413.20796321010926 49.604253071248735
82 364.5953227588037 87.34230258892232
83 174.0957371796661 185.05152410680464
84 66.16775667724733 361.28330637234876
85 78.8145355354328 190.8379423909893
86 220.56106282824263 273.0504077229405
87 26.479463173174878 400.16863481195185
88 340.5286194206538 312.78366466563676
89 492.487273623606 90.96836096594352
90 6.616967217181944 295.88517261413205
91 309.8190447974678 308.94454297547685
92 409.9534256651405 30.645594473209158
93 443.4992550544713 59.47579970479099
94 77.2696545811252 91.35581917036214
95 307.1838481891486 460.2110919278544
96 62.46801024081903 67.15843874944639
97 366.2453185109763 451.29258492061194
98 95.51151509555469 186.12494177911117
99 254.52469025655958 307.8001104822376
100 159.7978211789836 468.43245553973054
101 91.12819555797638 239.3557358200432
102 481.4639901086194 123.05746369056399
103 472.26077818832766 12.824407503013047
104 124.26115493327625 212.1045162051761
105 324.109012486739 152.69932972110308
106 231.73670844319727 156.74409345975513
107 414.212740212743 409.0709716808105
108 400.4665714794818 41.74664361555689
109 263.59794642051475 362.0439155131011
110 332.99135564972204 240.7686800979837
111 125.1823274357708 194.0881916441008
112 139.92747440345556 276.87208478035643
113 421.610806811949 355.0896906379483
114 74.44793750400352 473.23911381097827
115 210.7298238462594 54.79931653990527
116 20.957380467743704 332.68341268623135
117 302.36733772592174 251.9707410461328
118 242.32222073290936 278.3512120341746
119 54.949680859549694 14.724229772870551
120 201.4589346884761 295.95709425169485
121 255.7569784439208 431.57719005260964
122 250.43228475222324 240.00515178954674
123 159.29540228982592 463.14127451165757
124 60.470161818423485 18.709142347760448
125 415.3479636365771 472.702424899937
126 434.4627098404243 107.74400378932148
127 71.75422971708151 417.77152093487575
128 497.5811035863201 334.5364567686902
129 276.8654073219452 42.2223029450205
130 321.62451097152575 147.53387331990348
131 33.92259814792681 224.81727728210373
132 165.58416461500568 105.77813242216934
133 93.31426305437994 479.76348014761396
134 345.6991822228593 109.15520706408206
135 69.78307244396984 494.43691739925373
136 182.9714246179717 469.8915822512079
137 378.17291281107737 442.567789906122
138 73.70512895428259 227.2247074382518
139 385.23349178883916 216.9881814542058
140 435.14221366768055 223.68774942435087
141 442.33310158231114 141.50986344448557
142 163.67476682165665 281.11755171413085
143 58.66920064092139 136.6217201599552
144 257.4343089192468 477.32011072960273
145 21.71213064028954 267.4747592878378
146 368.28048643351144 379.3092641831863
147 146.169052382731 49.05722208550409
148 386.3418666785442 262.1718688890965
149 161.71292570865918 369.55299086597745
150 52.297960549013396 244.90691996954735
151 416.08606784672645 358.6239205209272
152 184.53347432751588 473.0359872042837
153 150.9578967403237 68.75955927449026
154 302.14483958377724 417.3890996716913
155 95.09346105767654 318.8976440380195
156 302.5336935548712 83.23253517074912
157 447.9723511024968 103.23447355108664
158 317.98330112341273 393.82424730949737
159 106.9867837254603 35.516337858888356
160 23.181139725526027 259.5578081026446
161 126.74314171398196 326.1314065571365
162 443.12458506438935 381.08678730035825
163 402.7931061291526 409.0062239066376
164 203.22657708645662 65.20994696496453
165 37.32845004501149 419.65170379736605
166 262.72399128033254 429.8407313285034
167 133.9878179529387 330.7004557284298
168 306.6843172704804 129.08539827320976
169 457.9444041883419 195.93082999838214
170 369.0043557183659 365.3101718913727
171 28.870037636787586 89.08249215618808
172 193.79997899591396 224.09075735435812
173 176.204398317269 488.7341161686034
174 483.49659753858145 47.10621794837358
175 445.3972175351677 29.136049627963207
176 420.74817637918875 369.364741697445
177 54.436765213630004 254.16892555493268
178 279.03527481369406 116.62997475660978
179 222.02992224851195 165.53377864766992
180 441.42328707689575 166.55452787017936
181 231.2567540344948 152.870336381426
182 351.49778992759246 8.820985207499952
183 70.38734875701147 62.74665495214864
184 239.93641601269354 223.54118006619288
185 276.8184015440196 466.36726941550586
186 415.5251784571026 150.2707310161352
187 350.76459931611373 424.4060554244352
188 25.68223222201513 125.25863892202523
189 221.4222527119057 363.586079859418
190 440.71307415004486 360.970749188706
191 230.81222721767148 444.5007295539065
192 263.08855940733235 61.50083069510098
193 1.4045972924952004 147.69877677515288
194 49.010884567903915 129.21484640487995
195 342.9291372981961 128.2404759743276
196 425.4122521600189 320.86133184713583
197 1.4840849674241041 222.7727738255644
198 136.31760203285313 41.42494807675618
199 159.16932770349345 382.6686863548358
200 498.19449600069214 500.20033202852875
201 487.991374467642 163.9292188249408
202 285.5125196101286 266.9201132469102
203 465.71344654164983 315.35580133756224
204 365.2389474791061 404.2831177419482
205 357.65778004172347 397.967033578952
206 192.40898934444627 138.89833047471282
207 402.2059149582501 322.7556205652173
208 351.22584128725487 226.48492046467388
209 260.8885520225744 108.659558464854
210 425.3698172299131 493.1504056417253
211 199.50832524119096 136.05655255248638
212 308.32552168690705 231.7064373609403
213 253.69657942063844 136.18091456816953
214 469.5721447110798 30.275814384474224
215 333.6699513420137 155.6098845559773
216 270.4244617486361 287.8946705285788
217 293.72243125127153 226.3691084726557
218 148.1605343750334 138.41967704303394
219 464.16616627415834 1.266945430335832
220 312.82731355660803 218.81359074647006
221 498.0163266891247 150.78288427029364
222 116.776180554255 173.80065044616
223 146.70550299106006 355.2074319950536
224 386.54798941959496 71.9591111592464
225 209.50795448994222 315.75938894825964
226 259.2007945268009 391.5492191698581
227 430.15614947174936 271.09062632269223
228 19.553313509736565 21.76298511524087
229 54.33989974595591 108.92962959042704
230 448.1032754033167 285.62578118685923
231 61.392700469916626 284.6118976534964
232 407.57232982255687 254.4800874649362
233 275.49039311453424 372.8988296105076
234 244.12753348314138 261.83826063752286
235 187.11391559395287 242.79613795956178
236 19.33469763027442 304.40365994124375
237 276.361218973825 489.0486437906776
238 243.80968541849444 164.22861651045335
239 3.932205389923736 433.61052113078847
240 16.351293916579362 442.3029463341968
241 425.25659096357276 218.66826095523876
242 397.06298423626265 324.3478269209753
243 1.2858227921825816 193.72826093497278
244 341.60048755958485 327.22801084761784
245 282.9287081844005 40.871566819389855
246 259.218669961713 407.1889678693924
247 7.974231519939898 321.5257987844183
248 21.733178621939736 278.0758779292977
249 65.61578185003249 365.00713081805566
250 255.86113002283295 470.79778326287175
251 420.3677444994627 216.64504047030476
252 322.660086178514 125.56292507365873
253 257.2483763116782 120.51833503174409
254 157.9455141194748 264.83034641917374
255 85.59204946711533 331.7029721131919
256 4.634381773385206 249.49773034503315
257 421.7497982579415 362.4605023329006
258 107.93625619260233 433.5773330165194
259 470.23835275705056 105.98062163579976
260 104.19301382512441 12.499123216227648
261 395.60632201836137 119.13208431060866
262 143.95456979025525 396.22447957862835
263 319.40011303914497 213.17324434479582
264 224.57010749315813 449.5539204260705
265 152.13298850668986 390.52695646689165
266 306.1734627840535 327.36865414069695
267 206.08695789957534 44.53395648684975
268 4.445527765083984 162.05875577119147
269 265.1108739814987 267.5648625787593
270 27.948296672707407 257.05918410742794
271 424.3166467801448 10.99278868420978
272 21.1420611997928 43.24074309485355
273 14.721517634588116 329.3070669174786
274 148.42130578042253 456.8838791471021
275 353.43588593498583 337.0831180904585
276 16.63438247383344 22.101340327934505
277 323.95422128048756 43.614110642315325
278 487.5884039386797 389.86941279650875
279 31.470743205780938 168.757581817633
280 475.9831678473519 196.27794854413074
281 301.9122796988681 69.95288410260397
282 78.06638414178461 140.21536250931314
283 291.55738242108737 441.4255312593702
284 186.0575627571901 312.4679610293834
285 343.69353015469966 448.309907632652
286 259.0489768760787 348.1317099340886
287 445.75406305617537 51.79396188792342
288 62.65935445525228 195.30952383751264
289 312.77135803553176 312.4179840477022
290 442.18995100076637 307.29915714570683
291 140.7850241749608 52.343989347934254
292 112.41206809794899 343.8637564267316
293 495.0516777766613 381.7530445033848
294 31.401584768836603 19.721825453637422
295 111.51706017902883 151.5249967945886
296 68.02832600660267 36.09286182236192
297 113.03191029859894 93.00847410733091
298 63.8066647368483 103.9919052770799
299 190.21970973734273 484.9983264637763
300 332.8187071683294 426.9786546687132
301 337.7374425329298 395.0037949364929
302 268.3325379873231 91.23573039195884
303 68.90963772443881 205.5126441546239
304 496.55539817164953 211.17611951974985
305 324.3617059759473 310.23469049683104
306 389.6852298356218 277.26088609985356
307 421.3301352734432 95.24301011987625
308 325.05395849938185 103.34639708557671
309 473.7852739931152 40.52159642381433
310 221.69208898845292 400.6737910292254
311 112.36646334860664 497.6756469330858
312 235.08637565810722 450.56391903385446
313 193.40013347744187 473.46368095253797
314 434.2511776266372 64.98738824820131
315 377.94782683227845 19.370441560824855
316 395.4888413162409 464.4419360207973
317 100.9145716449707 93.65537649930853
318 391.37568547497466 436.9883294081616
319 430.73675305664915 76.18327299288431
320 225.5774052662962 170.87132005872414
321 203.06474025194905 447.8724687878035
322 305.0716338574682 365.8833734504322
323 134.15669536985027 443.78006454726136
324 187.23482266841074 288.51691948948206
325 235.4084985247377 376.684744353799
326 165.03724211927332 232.9943798625889
327 462.5585796756269 155.52479031431082
328 377.28192682953903 382.4660303877392
329 458.6273395279022 432.2021767323852
330 33.42209923317843 414.02145004333227
331 105.57713319987707 180.07321914189825
332 70.99672726041598 273.673676997704
333 330.01231854452305 449.91192465174726
334 407.1345167047262 399.1438244596368