0 326.35375986199756 432.1649070628065
1 140.98249204583846 13.534399435276644
2 242.36148150710557 337.2685882411173
3 321.58308397905336 28.72322335523005
4 263.64851403294864 16.246404217743684
5 228.74035544990357 139.271104804625
6 146.3072923932446 80.08869123680468
7 243.75721990098825 320.46562899244736
8 319.3902288232701 218.3004739243582
9 166.53831258855485 231.86678644576253
10 424.14157550773564 368.158401985686
11 161.1850910037007 43.460689380309404
12 214.38028328143642 288.4792513787414
13 209.11027199043903 238.3359553841908
14 334.20954814252394 364.11321556993533
15 398.43214177261325 149.71571130886733
16 380.1243777778219 271.90312654187153
17 394.38216670990994 262.90916511544646
18 453.8899614222449 488.03575591837256
19 107.33993487965478 314.6345870750724
20 60.27188857462735 442.551759235795
21 373.8948973151973 45.20949803610032
22 290.8134693742496 16.278275961730998
23 408.02742261723057 500.3040083608746
24 158.37582309791543 433.6011240570368
25 389.0997018417774 96.30966125614098
26 336.08321536912445 499.30353577330254
27 245.85246087388924 294.88891309015287
28 234.64923476193738 70.1637240526452
29 92.0141048606027 16.939306941927214
30 28.798417327514592 33.12609778954702
31 262.446774725643 132.03154618416895
32 221.64374156333417 27.638949730049653
33 49.97685350359894 168.36209715399912
34 260.4318394721766 117.18606514066288
35 44.18793746090826 102.3988902756973
36 19.02608568295401 63.13071114791637
37 378.4900485871987 466.6920798033016
38 134.86179390965796 363.7372461945923
39 288.72129215745804 210.7728286378208
40 272.87832232175583 207.6391740822856
41 89.38686001261611 216.66873518225296
42 370.10960088067856 36.081827335571
43 12.395329103722784 45.32762841420315
44 255.19769818898928 411.98386612658686
45 365.8128442138464 20.160539649776464
46 302.0831770927973 468.23364533018145
47 88.72376546580338 459.98928184564966
48 407.5216473612646 276.6650695728576
49 70.75951785669812 406.9162528843534
50 124.87751300110067 38.841906139344374
51 485.237530675042 477.02117786480113
52 203.85402838729564 120.12044964978598
53 478.13815703420977 477.3336521037652
54 87.43303319895114 50.45754231321087
55 234.33998232507312 277.23077986518297
56 149.31816100286142 256.08412238595105
57 268.6322783264914 473.26516229374096
58 14.602261105113618 411.4742461971745
59 281.02870163009226 228.44167376697058
60 323.2124765132776 486.0051218721039
61 33.816968805611936 294.1300125256556
62 140.92596501360094 215.32605380299262
63 457.59701779444623 56.125583798133846
64 24.394672421858264 434.73217630433385
65 86.2834877589017 128.8522964834186
66 362.669217890778 400.7736994775368
67 497.67862154350445 381.3389627414792
68 196.170062181214 480.92208479590005
69 47.757251220179505 481.39461580532986
70 148.91843973658078 291.3616498178313
71 97.24859260473426 459.3585189035763
72 413.1098650689704 152.878443831717
73 295.4476258150152 495.9067478176374
74 475.78997060935814 478.3778540605962
75 169.44401848464 105.66040227105546
76 373.4753099690559 3.7779742931231888
77 462.1177363280573 125.75887815416111
78 255.05110501977828 87.89834709214759
79 50.317533063227515 394.137415843004
80 435.17331672384853 79.49132857285196
81 330.61257538712556 292.97900781205647
82 394.70434855953823 144.74858926449483
83 66.88704567017558 342.69894101027853
84 367.41947579595364 241.45551299286794
85 71.83372045610108 319.8639220957075
86 197.33558484216303 322.46369782719205
87 467.09506755193667 453.64790191031324
88 124.53413096505255 217.30492075995346
89 407.3989278676092 55.78340192089813
90 486.2770591985244 40.57950268641632
91 361.5406413693436 53.479543481280324
92 60.5474313754875 383.21795016385255
93 397.47486802737916 219.4471358533284
94 419.88585600614516 466.8365551716417
95 452.09741874635813 50.996359342405945
96 132.5390120831296 399.1863637607129
97 198.52132004690608 113.15381551835878
98 129.48876489669533 99.12902625412359
99 421.7810445519144 312.8837986474027
100 270.88807609867206 458.6642997900401
101 228.93505634163216 6.7920855222787395
102 399.7941417986699 274.2806266303037
103 21.479157772817246 19.141270942126017
104 211.85989915176194 19.304005714863077
105 329.83178397690324 83.61269241056971
106 254.821760843658 1.9794216577543469
107 489.40726844365213 468.01291766555744
108 219.20416809724685 28.73537310666431
109 128.45427251491472 490.0415896564994
110 451.6512817568976 228.45381166818524
111 58.40380929344476 406.31279997115206
112 238.6912003171353 255.59625791173562
113 433.9451583253517 143.05329467988645
114 468.5401383907412 184.72144239564582
115 477.42764770421206 138.28891551654135
116 164.7618096499314 495.27055707102556
117 109.47250658730522 89.87420636374019
118 246.21172311536438 162.49329738074266
119 15.871352908402859 230.42066030395964
120 15.716422004778641 16.041283089260126
121 23.94652762664896 306.03530971454586
122 30.36451221748615 136.0648752004166
123 147.5533957708842 293.7941668830903
124 442.1194413547474 257.6153723627283
125 260.81571918624167 486.04388281537786
126 305.7030182196552 306.776490617869
127 130.5027963141823 444.9502507136674
128 110.34445806847872 388.2274949907
129 433.68064836883735 476.19365884679746
130 430.0412627965018 252.87482273389483
131 416.89917610092454 155.3491683023341
132 155.4362816108157 0.7798370425429001
133 57.71377549599922 132.2829799371591
134 213.27974205355045 5.8576409847251645
135 381.7818239507111 346.84710181539833
136 471.71533358052005 307.7247833260859
137 59.123470166304095 13.260615848993849
138 294.30629042394486 487.6337686110421
139 32.390765700031956 186.82858498020875
140 289.800409244893 329.647654533599
141 117.15052097213 439.0685117730099
142 300.1221322316556 367.08034508920025
143 455.2533904913445 201.88957967604262
144 82.97549658177287 228.75651266397736
145 185.33562883773345 73.20126141682695
146 409.7433666686637 46.829413554649236
147 388.3796653600764 408.215653189905
148 468.0763362402727 15.736028089641733
149 135.04575617270794 325.75169284043454
150 46.67912670905901 69.36577152814223
151 459.17941221811174 318.0498722196087
152 404.32269138629664 19.672388572074713
153 106.4980420352422 454.96212806281534
154 74.03690780118617 394.7683088099918
155 200.96480964845478 291.89478521197526
156 124.77202950790078 117.0064638262174
157 269.769301076164 434.55080467572606
158 462.5559522503928 113.67665513799129
159 140.1514629636987 324.34326216090324
160 332.3202753290472 351.72200810237865
161 326.5294394513591 222.3331660659736
162 56.11943522715233 290.3152905521851
163 329.5212833305527 492.6824776001035
164 339.42563179334434 193.2261778424773
165 210.4871526184527 222.9072509230567
166 174.54627485652017 230.657138897374
167 355.16050821483236 408.6657125967258
168 460.98111706809965 316.62922526682746
169 62.78602543911394 347.423026744923
170 391.713360849328 141.05862943319866
171 458.9360778199791 149.09652650527914
172 67.01157190212172 394.38042471657496
173 188.8395674762091 208.7049689407901
174 2.3088561577351507 221.94831790476383
175 36.6236885752922 256.1196644705758
176 362.1210428467182 40.46735763259889
177 325.34310607189775 109.24756227043942
178 278.7675266233993 394.4010408454248
179 418.0508316654615 26.363494067261318
180 41.86623968221303 153.63546741909042
181 176.45124553471956 99.85313446841786
182 240.1887642991077 473.679645939066
183 423.86806673550615 447.32816909131833
184 157.4817896551256 27.33503620180967
185 297.3587590306519 22.93167266336945
186 323.2881063697567 228.07641032490665
187 372.81170811677777 228.66444453703798
188 76.63324442745824 248.35245366908404
189 23.773513256701072 72.73206603560001
190 414.68309079234064 389.63603662978716
191 278.5714909911083 54.23729224921651
192 120.12344662826516 489.3330009276236
193 293.01955005112745 27.024354401020556
194 372.0641199349069 297.59235727467495
195 144.6261522106031 246.11905091428397
196 26.728148452355146 463.65200836299556
197 289.7585704084846 440.00248962116683
198 265.0512218597717 4.600804813684078
199 370.6604670609731 202.9067563346612
200 58.5865526528966 412.34154698023906
201 20.56827726750993 193.42711860536457
202 196.78744398754537 272.09852875870763
203 409.42685212472946 84.0078294716603
204 161.82274676033478 123.02960553298246
205 4.8656918941168525 459.2780329161506
206 193.5696306758518 18.37439208677828
207 451.1649971445747 326.788988432937
208 237.3235702284595 115.09881959802337
209 416.91375465063214 202.4356108397151
210 274.067397836848 427.18070175407115
211 15.942572586718912 219.73278958700288
212 192.8488965382556 233.52177582581137
213 134.89958999812907 40.161049974852425
214 433.93116437691367 500.96883549158645
215 485.5305392610503 386.9962720430148
216 75.90000060630595 37.07988660171509
217 286.32257108418094 338.3946004872184
218 406.839796023497 30.080675197539268
219 194.6761328270751 137.0163234445791
220 211.02184795148386 481.92299645992676
221 471.1806496159246 91.1416829354206
222 190.28894155419798 22.478035330680875
223 385.88695622403355 292.05631223786327
224 388.465009561373 13.676532580583572
225 17.69298558675455 248.4661194794458
226 445.670590863889 282.8419107665386
227 377.0893611035928 196.8383617345984
228 282.38311729971105 350.5534764269257
229 217.5473910821696 253.86020933557302
230 3.444751980651582 468.12381090835595
231 496.77448038144666 274.65603882745654
232 395.9915227361439 291.17794272388363
233 105.91073844805923 224.01104526161743
234 354.4540265599676 49.88100078198091
235 404.49509671896357 81.61177668727277
236 451.3629361281756 94.0776391021743
237 19.6907089355395 287.2327160836128
238 79.68188018393958 253.97777032958817
239 78.82673518039962 471.87368858463077
240 282.7859510647568 23.05204860041249
241 238.78698357999372 245.08384803889055
242 372.00529367645765 151.4848475180137
243 359.156191006004 75.0961929492843
244 401.8621157864308 324.8734329104943
245 176.32041293628612 341.93999930073346
246 343.7426776141269 241.8588338484305
247 52.91078742801084 460.3991702665276
248 28.76735590747559 11.027741186917034
249 202.07820397120847 44.54061801868082
250 17.0477847695047 441.7337368229926
251 272.0916229954767 418.5499188816129
252 28.353599924744675 457.45238419388073
253 292.66358981305126 375.7797684221724
254 462.4504392098662 58.90672058333553
255 235.2242041189626 500.24271616436664
256 279.01622933434487 422.4778578268297
257 348.08815130528995 442.2604808985009
258 195.0947831933805 442.35003356159143
259 459.0895468621971 496.62027076880764
260 165.50341004159955 270.4304632033283
261 125.79511795286577 463.38211349706285
262 89.47595390443732 102.33108878191334
263 331.8491922173505 228.4318089833244
264 491.0927215846883 247.60287219725552
265 375.3518955956098 187.9801664366419
266 140.7257978514841 275.9728385574699
267 230.42741672632462 107.47214436280821
268 219.81120431400643 327.5497445510594
269 369.30015959551207 246.78832154002362
270 82.74856856378233 461.8364677465367
271 434.2637280743041 63.196410181705915
272 121.62443888290105 249.91545525755143
273 176.90175713964484 86.24194287192722
274 467.7573236599274 145.35827482256067
275 234.79918507709382 61.654867355983356
276 468.77035639210953 5.250783735598164
277 120.7686865233635 282.39288142663105
278 436.0117317618668 16.22302994642615
279 264.3096727486388 58.142418847331406
280 96.6638078777931 141.5257989300104
281 1.6154530067076802 124.95478654660837
282 52.808210628007586 112.00562330468736
283 170.94942177661164 356.2073066542013
284 260.0474832360061 391.2958403856196
285 300.6220803068505 23.748807978701173
286 185.02308084996307 463.66312492865444
287 425.11807853128613 464.91348429158825
288 307.314928317928 253.72766891798395
289 179.146110914184 379.0688651199607
290 28.759518375117423 424.70928202432845
291 133.51459627187657 182.5013163029715
292 377.1816571574554 280.9428474385708
293 246.7717212525134 205.73630390308892
294 39.899120845486685 5.1535265024414825
295 397.491309666675 246.84101185328964
296 395.12993262665816 438.3853023764099
297 157.9344304478442 428.86328584694854
298 108.60890460972574 143.53638809266715
299 332.5712878523454 18.32341035169092
300 303.3030370418761 50.17020464162207
301 260.6095697863818 361.5945766796996
302 479.1043719599366 478.6435462391133
303 45.24240653626392 307.0825597476065
304 69.77494569538159 458.62107204718626
305 112.80279379096247 48.34712012018111
306 15.219596096058416 321.7303377736054
307 439.39144713349583 42.69476143999821
308 152.37101206915253 129.45227319449964
309 334.83091571150317 240.31706795783433
310 64.58504175705357 138.33891996920488
311 370.9912939009505 158.74842165932537
312 211.46552171456912 115.30385340279747
313 362.6314640736548 412.27371547338345
314 255.46381892803137 473.0400366163999
315 311.9047722229802 133.92942432223273
316 3.4319736482175944 340.58573950753936
317 323.58900791857207 364.9098901601202
318 240.54729286327157 385.6814187510748
319 265.9181728817786 311.51648839895233
320 499.67165882656633 361.838344891831
321 351.61680788584215 60.26831371008479
322 485.2607739634758 97.97490578810762
323 346.36798680314007 198.4309224414101
324 395.3965699885188 347.06669503258473